Linux 7.0.0-1006-aws (ip-172-31-28-187) 	06/20/26 	_x86_64_	(16 CPU)

20:02:45     CPU    %usr   %nice    %sys %iowait    %irq   %soft  %steal  %guest  %gnice   %idle
20:02:46     all   40.39    0.00    4.11    0.13    0.00    0.13    0.00    0.00    0.00   55.25
20:02:46       0   38.38    0.00    2.02    0.00    0.00    0.00    0.00    0.00    0.00   59.60
20:02:46       1   42.00    0.00    3.00    0.00    0.00    0.00    0.00    0.00    0.00   55.00
20:02:46       2   38.38    0.00    2.02    1.01    0.00    0.00    0.00    0.00    0.00   58.59
20:02:46       3   45.45    0.00    2.02    0.00    0.00    0.00    0.00    0.00    0.00   52.53
20:02:46       4   45.45    0.00    2.02    0.00    0.00    0.00    0.00    0.00    0.00   52.53
20:02:46       5   55.00    0.00   25.00    0.00    0.00    0.00    0.00    0.00    0.00   20.00
20:02:46       6   32.65    0.00    3.06    0.00    0.00    0.00    0.00    0.00    0.00   64.29
20:02:46       7   31.00    0.00    3.00    1.00    0.00    0.00    0.00    0.00    0.00   65.00
20:02:46       8   40.40    0.00    3.03    0.00    0.00    0.00    0.00    0.00    0.00   56.57
20:02:46       9   44.00    0.00    2.00    0.00    0.00    1.00    0.00    0.00    0.00   53.00
20:02:46      10   38.78    0.00    2.04    0.00    0.00    0.00    0.00    0.00    0.00   59.18
20:02:46      11   46.94    0.00    4.08    0.00    0.00    0.00    0.00    0.00    0.00   48.98
20:02:46      12   36.36    0.00    2.02    0.00    0.00    0.00    0.00    0.00    0.00   61.62
20:02:46      13   36.73    0.00    3.06    0.00    0.00    0.00    0.00    0.00    0.00   60.20
20:02:46      14   40.40    0.00    4.04    0.00    0.00    1.01    0.00    0.00    0.00   54.55
20:02:46      15   34.02    0.00    3.09    0.00    0.00    0.00    0.00    0.00    0.00   62.89

20:02:46     CPU    %usr   %nice    %sys %iowait    %irq   %soft  %steal  %guest  %gnice   %idle
20:02:47     all   29.80    0.00    2.03    0.06    0.00    0.06    0.00    0.00    0.00   68.04
20:02:47       0   22.45    0.00    3.06    0.00    0.00    0.00    0.00    0.00    0.00   74.49
20:02:47       1   22.45    0.00    3.06    0.00    0.00    0.00    0.00    0.00    0.00   74.49
20:02:47       2   15.15    0.00    1.01    0.00    0.00    0.00    0.00    0.00    0.00   83.84
20:02:47       3   25.25    0.00    2.02    0.00    0.00    0.00    0.00    0.00    0.00   72.73
20:02:47       4   24.49    0.00    3.06    0.00    0.00    0.00    0.00    0.00    0.00   72.45
20:02:47       5   25.25    0.00    1.01    0.00    0.00    0.00    0.00    0.00    0.00   73.74
20:02:47       6   32.32    0.00    2.02    0.00    0.00    0.00    0.00    0.00    0.00   65.66
20:02:47       7   20.20    0.00    3.03    0.00    0.00    0.00    0.00    0.00    0.00   76.77
20:02:47       8   28.87    0.00    1.03    0.00    0.00    0.00    0.00    0.00    0.00   70.10
20:02:47       9   24.75    0.00    2.97    0.99    0.00    0.00    0.00    0.00    0.00   71.29
20:02:47      10   20.41    0.00    2.04    0.00    0.00    0.00    0.00    0.00    0.00   77.55
20:02:47      11   39.00    0.00    2.00    0.00    0.00    0.00    0.00    0.00    0.00   59.00
20:02:47      12   21.88    0.00    2.08    0.00    0.00    0.00    0.00    0.00    0.00   76.04
20:02:47      13  100.00    0.00    0.00    0.00    0.00    0.00    0.00    0.00    0.00    0.00
20:02:47      14   32.99    0.00    2.06    0.00    0.00    0.00    0.00    0.00    0.00   64.95
20:02:47      15   20.20    0.00    2.02    0.00    0.00    1.01    0.00    0.00    0.00   76.77

20:02:47     CPU    %usr   %nice    %sys %iowait    %irq   %soft  %steal  %guest  %gnice   %idle
20:02:48     all   52.88    0.00    3.61    0.06    0.00    0.32    0.00    0.00    0.00   43.14
20:02:48       0   50.52    0.00    4.12    0.00    0.00    0.00    0.00    0.00    0.00   45.36
20:02:48       1   46.39    0.00    4.12    0.00    0.00    0.00    0.00    0.00    0.00   49.48
20:02:48       2   39.39    0.00    7.07    0.00    0.00    1.01    0.00    0.00    0.00   52.53
20:02:48       3   69.39    0.00    1.02    0.00    0.00    0.00    0.00    0.00    0.00   29.59
20:02:48       4   56.12    0.00    3.06    0.00    0.00    0.00    0.00    0.00    0.00   40.82
20:02:48       5   64.36    0.00    2.97    0.00    0.00    0.99    0.00    0.00    0.00   31.68
20:02:48       6   62.00    0.00    4.00    0.00    0.00    0.00    0.00    0.00    0.00   34.00
20:02:48       7   40.82    0.00    5.10    0.00    0.00    1.02    0.00    0.00    0.00   53.06
20:02:48       8   57.00    0.00    3.00    1.00    0.00    0.00    0.00    0.00    0.00   39.00
20:02:48       9   52.53    0.00    4.04    0.00    0.00    0.00    0.00    0.00    0.00   43.43
20:02:48      10   40.40    0.00    5.05    0.00    0.00    1.01    0.00    0.00    0.00   53.54
20:02:48      11   45.92    0.00    2.04    0.00    0.00    1.02    0.00    0.00    0.00   51.02
20:02:48      12   64.65    0.00    2.02    0.00    0.00    0.00    0.00    0.00    0.00   33.33
20:02:48      13   63.64    0.00    2.02    0.00    0.00    0.00    0.00    0.00    0.00   34.34
20:02:48      14   51.00    0.00    3.00    0.00    0.00    0.00    0.00    0.00    0.00   46.00
20:02:48      15   41.41    0.00    5.05    0.00    0.00    0.00    0.00    0.00    0.00   53.54

20:02:48     CPU    %usr   %nice    %sys %iowait    %irq   %soft  %steal  %guest  %gnice   %idle
20:02:49     all   29.03    0.00    2.13    0.06    0.00    0.19    0.00    0.00    0.00   68.59
20:02:49       0   34.00    0.00    1.00    0.00    0.00    1.00    0.00    0.00    0.00   64.00
20:02:49       1   33.66    0.00    1.98    0.00    0.00    0.00    0.00    0.00    0.00   64.36
20:02:49       2   20.41    0.00    2.04    0.00    0.00    0.00    0.00    0.00    0.00   77.55
20:02:49       3   50.50    0.00    0.99    0.00    0.00    0.00    0.00    0.00    0.00   48.51
20:02:49       4   27.72    0.00    1.98    0.00    0.00    0.99    0.00    0.00    0.00   69.31
20:02:49       5   20.41    0.00    2.04    0.00    0.00    0.00    0.00    0.00    0.00   77.55
20:02:49       6   71.72    0.00    1.01    0.00    0.00    0.00    0.00    0.00    0.00   27.27
20:02:49       7   29.29    0.00    3.03    0.00    0.00    0.00    0.00    0.00    0.00   67.68
20:02:49       8   39.00    0.00    4.00    0.00    0.00    0.00    0.00    0.00    0.00   57.00
20:02:49       9   30.00    0.00    2.00    0.00    0.00    0.00    0.00    0.00    0.00   68.00
20:02:49      10   22.00    0.00    2.00    0.00    0.00    0.00    0.00    0.00    0.00   76.00
20:02:49      11   19.80    0.00    2.97    0.00    0.00    0.00    0.00    0.00    0.00   77.23
20:02:49      12   10.78    0.00    2.94    0.98    0.00    0.98    0.00    0.00    0.00   84.31
20:02:49      13   25.00    0.00    2.00    0.00    0.00    0.00    0.00    0.00    0.00   73.00
20:02:49      14   17.35    0.00    3.06    0.00    0.00    0.00    0.00    0.00    0.00   79.59
20:02:49      15   12.37    0.00    1.03    0.00    0.00    0.00    0.00    0.00    0.00   86.60

20:02:49     CPU    %usr   %nice    %sys %iowait    %irq   %soft  %steal  %guest  %gnice   %idle
20:02:50     all   35.90    0.00    2.67    0.19    0.00    0.38    0.00    0.00    0.00   60.86
20:02:50       0   24.49    0.00    3.06    1.02    0.00    1.02    0.00    0.00    0.00   70.41
20:02:50       1   37.76    0.00    3.06    1.02    0.00    0.00    0.00    0.00    0.00   58.16
20:02:50       2   19.39    0.00    3.06    0.00    0.00    0.00    0.00    0.00    0.00   77.55
20:02:50       3   61.39    0.00    1.98    0.00    0.00    0.99    0.00    0.00    0.00   35.64
20:02:50       4   48.98    0.00    3.06    0.00    0.00    0.00    0.00    0.00    0.00   47.96
20:02:50       5   18.37    0.00    4.08    0.00    0.00    0.00    0.00    0.00    0.00   77.55
20:02:50       6   66.33    0.00    1.02    0.00    0.00    0.00    0.00    0.00    0.00   32.65
20:02:50       7   32.00    0.00    5.00    0.00    0.00    1.00    0.00    0.00    0.00   62.00
20:02:50       8   45.92    0.00    1.02    0.00    0.00    1.02    0.00    0.00    0.00   52.04
20:02:50       9   44.90    0.00    2.04    0.00    0.00    0.00    0.00    0.00    0.00   53.06
20:02:50      10   16.16    0.00    3.03    0.00    0.00    0.00    0.00    0.00    0.00   80.81
20:02:50      11   22.92    0.00    2.08    0.00    0.00    0.00    0.00    0.00    0.00   75.00
20:02:50      12   44.90    0.00    2.04    0.00    0.00    0.00    0.00    0.00    0.00   53.06
20:02:50      13   20.20    0.00    2.02    0.00    0.00    1.01    0.00    0.00    0.00   76.77
20:02:50      14   28.57    0.00    3.06    1.02    0.00    0.00    0.00    0.00    0.00   67.35
20:02:50      15   41.41    0.00    3.03    0.00    0.00    1.01    0.00    0.00    0.00   54.55

20:02:50     CPU    %usr   %nice    %sys %iowait    %irq   %soft  %steal  %guest  %gnice   %idle
20:02:51     all   30.92    0.00    1.95    0.25    0.00    0.13    0.00    0.00    0.00   66.75
20:02:51       0   65.66    0.00    1.01    0.00    0.00    0.00    0.00    0.00    0.00   33.33
20:02:51       1    5.10    0.00    2.04    0.00    0.00    1.02    0.00    0.00    0.00   91.84
20:02:51       2   22.22    0.00    3.03    0.00    0.00    0.00    0.00    0.00    0.00   74.75
20:02:51       3   39.60    0.00    0.99    0.99    0.00    0.00    0.00    0.00    0.00   58.42
20:02:51       4   18.18    0.00    2.02    0.00    0.00    0.00    0.00    0.00    0.00   79.80
20:02:51       5   10.31    0.00    1.03    0.00    0.00    0.00    0.00    0.00    0.00   88.66
20:02:51       6   34.34    0.00    2.02    1.01    0.00    0.00    0.00    0.00    0.00   62.63
20:02:51       7   33.33    0.00    2.02    0.00    0.00    0.00    0.00    0.00    0.00   64.65
20:02:51       8   40.40    0.00    2.02    0.00    0.00    0.00    0.00    0.00    0.00   57.58
20:02:51       9   24.00    0.00    3.00    0.00    0.00    0.00    0.00    0.00    0.00   73.00
20:02:51      10   18.00    0.00    2.00    1.00    0.00    0.00    0.00    0.00    0.00   79.00
20:02:51      11   66.67    0.00    1.01    0.00    0.00    0.00    0.00    0.00    0.00   32.32
20:02:51      12   33.00    0.00    2.00    0.00    0.00    1.00    0.00    0.00    0.00   64.00
20:02:51      13   17.00    0.00    3.00    1.00    0.00    0.00    0.00    0.00    0.00   79.00
20:02:51      14   30.30    0.00    1.01    0.00    0.00    0.00    0.00    0.00    0.00   68.69
20:02:51      15   36.00    0.00    3.00    0.00    0.00    0.00    0.00    0.00    0.00   61.00

20:02:51     CPU    %usr   %nice    %sys %iowait    %irq   %soft  %steal  %guest  %gnice   %idle
20:02:52     all   35.31    0.00    2.77    0.25    0.00    0.25    0.00    0.00    0.00   61.41
20:02:52       0   39.58    0.00    3.12    0.00    0.00    0.00    0.00    0.00    0.00   57.29
20:02:52       1   33.33    0.00    2.02    0.00    0.00    0.00    0.00    0.00    0.00   64.65
20:02:52       2   36.00    0.00    4.00    1.00    0.00    0.00    0.00    0.00    0.00   59.00
20:02:52       3   26.53    0.00    2.04    0.00    0.00    0.00    0.00    0.00    0.00   71.43
20:02:52       4   22.45    0.00    3.06    1.02    0.00    0.00    0.00    0.00    0.00   73.47
20:02:52       5   25.74    0.00    4.95    0.99    0.00    0.99    0.00    0.00    0.00   67.33
20:02:52       6   34.34    0.00    3.03    0.00    0.00    0.00    0.00    0.00    0.00   62.63
20:02:52       7   22.00    0.00    3.00    1.00    0.00    1.00    0.00    0.00    0.00   73.00
20:02:52       8   49.49    0.00    1.01    0.00    0.00    0.00    0.00    0.00    0.00   49.49
20:02:52       9   39.39    0.00    2.02    0.00    0.00    0.00    0.00    0.00    0.00   58.59
20:02:52      10   32.00    0.00    3.00    0.00    0.00    1.00    0.00    0.00    0.00   64.00
20:02:52      11   91.00    0.00    1.00    0.00    0.00    0.00    0.00    0.00    0.00    8.00
20:02:52      12   31.31    0.00    3.03    0.00    0.00    0.00    0.00    0.00    0.00   65.66
20:02:52      13   26.00    0.00    4.00    0.00    0.00    1.00    0.00    0.00    0.00   69.00
20:02:52      14   22.45    0.00    3.06    0.00    0.00    0.00    0.00    0.00    0.00   74.49
20:02:52      15   33.00    0.00    2.00    0.00    0.00    0.00    0.00    0.00    0.00   65.00

20:02:52     CPU    %usr   %nice    %sys %iowait    %irq   %soft  %steal  %guest  %gnice   %idle
20:02:53     all   34.85    0.00    1.51    0.06    0.00    0.06    0.00    0.00    0.00   63.52
20:02:53       0   13.13    0.00    2.02    0.00    0.00    0.00    0.00    0.00    0.00   84.85
20:02:53       1   40.40    0.00    2.02    0.00    0.00    0.00    0.00    0.00    0.00   57.58
20:02:53       2   16.00    0.00    2.00    0.00    0.00    0.00    0.00    0.00    0.00   82.00
20:02:53       3   12.24    0.00    1.02    0.00    0.00    0.00    0.00    0.00    0.00   86.73
20:02:53       4   51.00    0.00    1.00    0.00    0.00    0.00    0.00    0.00    0.00   48.00
20:02:53       5   15.46    0.00    1.03    0.00    0.00    0.00    0.00    0.00    0.00   83.51
20:02:53       6   34.65    0.00    1.98    0.00    0.00    0.99    0.00    0.00    0.00   62.38
20:02:53       7   16.16    0.00    1.01    0.00    0.00    0.00    0.00    0.00    0.00   82.83
20:02:53       8   27.27    0.00    2.02    0.00    0.00    0.00    0.00    0.00    0.00   70.71
20:02:53       9   20.41    0.00    2.04    0.00    0.00    0.00    0.00    0.00    0.00   77.55
20:02:53      10   54.00    0.00    2.00    0.00    0.00    0.00    0.00    0.00    0.00   44.00
20:02:53      11  100.00    0.00    0.00    0.00    0.00    0.00    0.00    0.00    0.00    0.00
20:02:53      12   53.06    0.00    1.02    0.00    0.00    0.00    0.00    0.00    0.00   45.92
20:02:53      13   43.43    0.00    2.02    0.00    0.00    0.00    0.00    0.00    0.00   54.55
20:02:53      14   26.26    0.00    1.01    0.00    0.00    0.00    0.00    0.00    0.00   72.73
20:02:53      15   32.67    0.00    1.98    0.99    0.00    0.00    0.00    0.00    0.00   64.36

20:02:53     CPU    %usr   %nice    %sys %iowait    %irq   %soft  %steal  %guest  %gnice   %idle
20:02:54     all   20.99    0.00    1.58    0.00    0.00    0.19    0.00    0.00    0.00   77.24
20:02:54       0   15.31    0.00    3.06    0.00    0.00    0.00    0.00    0.00    0.00   81.63
20:02:54       1   29.29    0.00    0.00    0.00    0.00    0.00    0.00    0.00    0.00   70.71
20:02:54       2   22.00    0.00    1.00    0.00    0.00    1.00    0.00    0.00    0.00   76.00
20:02:54       3   28.28    0.00    1.01    0.00    0.00    0.00    0.00    0.00    0.00   70.71
20:02:54       4   34.34    0.00    0.00    0.00    0.00    0.00    0.00    0.00    0.00   65.66
20:02:54       5    5.10    0.00    2.04    0.00    0.00    0.00    0.00    0.00    0.00   92.86
20:02:54       6   13.13    0.00    3.03    0.00    0.00    0.00    0.00    0.00    0.00   83.84
20:02:54       7   11.22    0.00    1.02    0.00    0.00    0.00    0.00    0.00    0.00   87.76
20:02:54       8   10.20    0.00    3.06    0.00    0.00    0.00    0.00    0.00    0.00   86.73
20:02:54       9   24.00    0.00    2.00    0.00    0.00    1.00    0.00    0.00    0.00   73.00
20:02:54      10    7.14    0.00    2.04    0.00    0.00    0.00    0.00    0.00    0.00   90.82
20:02:54      11   76.77    0.00    0.00    0.00    0.00    0.00    0.00    0.00    0.00   23.23
20:02:54      12   14.14    0.00    2.02    0.00    0.00    0.00    0.00    0.00    0.00   83.84
20:02:54      13   11.22    0.00    1.02    0.00    0.00    0.00    0.00    0.00    0.00   87.76
20:02:54      14    7.92    0.00    2.97    0.00    0.00    0.99    0.00    0.00    0.00   88.12
20:02:54      15   25.25    0.00    1.01    0.00    0.00    0.00    0.00    0.00    0.00   73.74

20:02:54     CPU    %usr   %nice    %sys %iowait    %irq   %soft  %steal  %guest  %gnice   %idle
20:02:55     all   38.21    0.00    2.21    0.50    0.00    0.38    0.00    0.00    0.00   58.70
20:02:55       0   30.00    0.00    3.00    1.00    0.00    1.00    0.00    0.00    0.00   65.00
20:02:55       1   33.67    0.00    2.04    0.00    0.00    0.00    0.00    0.00    0.00   64.29
20:02:55       2   61.62    0.00    1.01    0.00    0.00    0.00    0.00    0.00    0.00   37.37
20:02:55       3  100.00    0.00    0.00    0.00    0.00    0.00    0.00    0.00    0.00    0.00
20:02:55       4   19.39    0.00    2.04    0.00    0.00    1.02    0.00    0.00    0.00   77.55
20:02:55       5   63.64    0.00    2.02    0.00    0.00    0.00    0.00    0.00    0.00   34.34
20:02:55       6   23.47    0.00    2.04    1.02    0.00    0.00    0.00    0.00    0.00   73.47
20:02:55       7   12.00    0.00    3.00    0.00    0.00    1.00    0.00    0.00    0.00   84.00
20:02:55       8   38.00    0.00    2.00    1.00    0.00    1.00    0.00    0.00    0.00   58.00
20:02:55       9   40.00    0.00    2.00    1.00    0.00    0.00    0.00    0.00    0.00   57.00
20:02:55      10   31.31    0.00    3.03    1.01    0.00    0.00    0.00    0.00    0.00   64.65
20:02:55      11   11.88    0.00    2.97    0.99    0.00    0.99    0.00    0.00    0.00   83.17
20:02:55      12   36.73    0.00    3.06    1.02    0.00    0.00    0.00    0.00    0.00   59.18
20:02:55      13   27.27    0.00    2.02    0.00    0.00    0.00    0.00    0.00    0.00   70.71
20:02:55      14   35.35    0.00    3.03    1.01    0.00    0.00    0.00    0.00    0.00   60.61
20:02:55      15   46.94    0.00    2.04    0.00    0.00    1.02    0.00    0.00    0.00   50.00

20:02:55     CPU    %usr   %nice    %sys %iowait    %irq   %soft  %steal  %guest  %gnice   %idle
20:02:56     all   41.98    0.00    1.52    0.19    0.00    0.19    0.00    0.00    0.00   56.12
20:02:56       0   46.39    0.00    1.03    0.00    0.00    0.00    0.00    0.00    0.00   52.58
20:02:56       1   21.43    0.00    2.04    0.00    0.00    1.02    0.00    0.00    0.00   75.51
20:02:56       2   24.24    0.00    3.03    0.00    0.00    0.00    0.00    0.00    0.00   72.73
20:02:56       3   70.71    0.00    1.01    0.00    0.00    0.00    0.00    0.00    0.00   28.28
20:02:56       4   49.49    0.00    1.01    0.00    0.00    0.00    0.00    0.00    0.00   49.49
20:02:56       5   65.35    0.00    0.99    0.99    0.00    0.99    0.00    0.00    0.00   31.68
20:02:56       6   15.46    0.00    1.03    0.00    0.00    1.03    0.00    0.00    0.00   82.47
20:02:56       7   12.24    0.00    2.04    0.00    0.00    0.00    0.00    0.00    0.00   85.71
20:02:56       8   78.79    0.00    0.00    0.00    0.00    0.00    0.00    0.00    0.00   21.21
20:02:56       9   73.00    0.00    2.00    0.00    0.00    0.00    0.00    0.00    0.00   25.00
20:02:56      10   57.14    0.00    1.02    1.02    0.00    0.00    0.00    0.00    0.00   40.82
20:02:56      11   31.31    0.00    2.02    0.00    0.00    0.00    0.00    0.00    0.00   66.67
20:02:56      12   47.96    0.00    1.02    0.00    0.00    0.00    0.00    0.00    0.00   51.02
20:02:56      13   22.45    0.00    2.04    0.00    0.00    0.00    0.00    0.00    0.00   75.51
20:02:56      14   18.37    0.00    2.04    0.00    0.00    0.00    0.00    0.00    0.00   79.59
20:02:56      15   35.35    0.00    2.02    1.01    0.00    0.00    0.00    0.00    0.00   61.62

20:02:56     CPU    %usr   %nice    %sys %iowait    %irq   %soft  %steal  %guest  %gnice   %idle
20:02:57     all   32.49    0.00    1.71    0.13    0.00    0.13    0.00    0.00    0.00   65.55
20:02:57       0   30.61    0.00    2.04    0.00    0.00    0.00    0.00    0.00    0.00   67.35
20:02:57       1    9.18    0.00    2.04    0.00    0.00    0.00    0.00    0.00    0.00   88.78
20:02:57       2   27.55    0.00    1.02    0.00    0.00    0.00    0.00    0.00    0.00   71.43
20:02:57       3    9.90    0.00    2.97    0.99    0.00    0.99    0.00    0.00    0.00   85.15
20:02:57       4   63.00    0.00    1.00    1.00    0.00    0.00    0.00    0.00    0.00   35.00
20:02:57       5  100.00    0.00    0.00    0.00    0.00    0.00    0.00    0.00    0.00    0.00
20:02:57       6   17.17    0.00    2.02    0.00    0.00    0.00    0.00    0.00    0.00   80.81
20:02:57       7   25.77    0.00    1.03    0.00    0.00    0.00    0.00    0.00    0.00   73.20
20:02:57       8   46.46    0.00    3.03    0.00    0.00    0.00    0.00    0.00    0.00   50.51
20:02:57       9   26.53    0.00    2.04    0.00    0.00    0.00    0.00    0.00    0.00   71.43
20:02:57      10   12.24    0.00    2.04    0.00    0.00    0.00    0.00    0.00    0.00   85.71
20:02:57      11   16.33    0.00    2.04    0.00    0.00    0.00    0.00    0.00    0.00   81.63
20:02:57      12   33.00    0.00    2.00    0.00    0.00    1.00    0.00    0.00    0.00   64.00
20:02:57      13   10.00    0.00    2.00    0.00    0.00    0.00    0.00    0.00    0.00   88.00
20:02:57      14   28.57    0.00    1.02    0.00    0.00    0.00    0.00    0.00    0.00   70.41
20:02:57      15   62.00    0.00    1.00    0.00    0.00    0.00    0.00    0.00    0.00   37.00

20:02:57     CPU    %usr   %nice    %sys %iowait    %irq   %soft  %steal  %guest  %gnice   %idle
20:02:58     all   27.87    0.00    1.95    0.19    0.00    0.19    0.00    0.00    0.00   69.80
20:02:58       0   19.19    0.00    2.02    0.00    0.00    0.00    0.00    0.00    0.00   78.79
20:02:58       1   16.00    0.00    2.00    1.00    0.00    0.00    0.00    0.00    0.00   81.00
20:02:58       2   12.12    0.00    3.03    0.00    0.00    0.00    0.00    0.00    0.00   84.85
20:02:58       3   53.54    0.00    2.02    0.00    0.00    0.00    0.00    0.00    0.00   44.44
20:02:58       4   92.00    0.00    1.00    0.00    0.00    0.00    0.00    0.00    0.00    7.00
20:02:58       5  100.00    0.00    0.00    0.00    0.00    0.00    0.00    0.00    0.00    0.00
20:02:58       6   14.14    0.00    3.03    0.00    0.00    0.00    0.00    0.00    0.00   82.83
20:02:58       7    4.04    0.00    2.02    0.00    0.00    0.00    0.00    0.00    0.00   93.94
20:02:58       8   23.23    0.00    2.02    0.00    0.00    0.00    0.00    0.00    0.00   74.75
20:02:58       9   25.25    0.00    3.03    1.01    0.00    0.00    0.00    0.00    0.00   70.71
20:02:58      10   14.00    0.00    1.00    0.00    0.00    1.00    0.00    0.00    0.00   84.00
20:02:58      11   13.13    0.00    2.02    0.00    0.00    0.00    0.00    0.00    0.00   84.85
20:02:58      12    8.16    0.00    2.04    0.00    0.00    0.00    0.00    0.00    0.00   89.80
20:02:58      13    2.04    0.00    2.04    0.00    0.00    1.02    0.00    0.00    0.00   94.90
20:02:58      14    6.00    0.00    2.00    1.00    0.00    1.00    0.00    0.00    0.00   90.00
20:02:58      15   41.84    0.00    2.04    0.00    0.00    0.00    0.00    0.00    0.00   56.12

20:02:58     CPU    %usr   %nice    %sys %iowait    %irq   %soft  %steal  %guest  %gnice   %idle
20:02:59     all   12.87    0.00    1.96    0.00    0.00    0.25    0.00    0.00    0.00   84.92
20:02:59       0    3.03    0.00    2.02    0.00    0.00    1.01    0.00    0.00    0.00   93.94
20:02:59       1    3.00    0.00    2.00    0.00    0.00    1.00    0.00    0.00    0.00   94.00
20:02:59       2   13.13    0.00    1.01    0.00    0.00    1.01    0.00    0.00    0.00   84.85
20:02:59       3   23.23    0.00    3.03    0.00    0.00    0.00    0.00    0.00    0.00   73.74
20:02:59       4    3.03    0.00    2.02    0.00    0.00    0.00    0.00    0.00    0.00   94.95
20:02:59       5   87.00    0.00    0.00    0.00    0.00    0.00    0.00    0.00    0.00   13.00
20:02:59       6    2.04    0.00    2.04    0.00    0.00    0.00    0.00    0.00    0.00   95.92
20:02:59       7    3.06    0.00    1.02    0.00    0.00    0.00    0.00    0.00    0.00   95.92
20:02:59       8    4.04    0.00    2.02    0.00    0.00    0.00    0.00    0.00    0.00   93.94
20:02:59       9   11.22    0.00    3.06    0.00    0.00    0.00    0.00    0.00    0.00   85.71
20:02:59      10   15.15    0.00    2.02    0.00    0.00    0.00    0.00    0.00    0.00   82.83
20:02:59      11    5.00    0.00    3.00    0.00    0.00    0.00    0.00    0.00    0.00   92.00
20:02:59      12    3.03    0.00    2.02    0.00    0.00    1.01    0.00    0.00    0.00   93.94
20:02:59      13   17.17    0.00    2.02    0.00    0.00    0.00    0.00    0.00    0.00   80.81
20:02:59      14    5.00    0.00    2.00    0.00    0.00    0.00    0.00    0.00    0.00   93.00
20:02:59      15    7.07    0.00    2.02    0.00    0.00    0.00    0.00    0.00    0.00   90.91

20:02:59     CPU    %usr   %nice    %sys %iowait    %irq   %soft  %steal  %guest  %gnice   %idle
20:03:00     all   22.24    0.00    1.90    0.51    0.00    0.06    0.00    0.00    0.00   75.29
20:03:00       0   12.24    0.00    2.04    1.02    0.00    0.00    0.00    0.00    0.00   84.69
20:03:00       1   14.29    0.00    2.04    1.02    0.00    0.00    0.00    0.00    0.00   82.65
20:03:00       2   19.59    0.00    1.03    1.03    0.00    0.00    0.00    0.00    0.00   78.35
20:03:00       3   12.37    0.00    1.03    0.00    0.00    0.00    0.00    0.00    0.00   86.60
20:03:00       4   20.20    0.00    2.02    1.01    0.00    0.00    0.00    0.00    0.00   76.77
20:03:00       5  100.00    0.00    0.00    0.00    0.00    0.00    0.00    0.00    0.00    0.00
20:03:00       6    8.08    0.00    3.03    0.00    0.00    0.00    0.00    0.00    0.00   88.89
20:03:00       7   26.00    0.00    2.00    1.00    0.00    0.00    0.00    0.00    0.00   71.00
20:03:00       8   12.00    0.00    2.00    0.00    0.00    1.00    0.00    0.00    0.00   85.00
20:03:00       9   16.49    0.00    2.06    0.00    0.00    0.00    0.00    0.00    0.00   81.44
20:03:00      10   39.00    0.00    4.00    1.00    0.00    0.00    0.00    0.00    0.00   56.00
20:03:00      11    5.10    0.00    2.04    0.00    0.00    0.00    0.00    0.00    0.00   92.86
20:03:00      12   38.00    0.00    2.00    1.00    0.00    0.00    0.00    0.00    0.00   59.00
20:03:00      13    7.22    0.00    1.03    0.00    0.00    0.00    0.00    0.00    0.00   91.75
20:03:00      14    9.18    0.00    2.04    0.00    0.00    0.00    0.00    0.00    0.00   88.78
20:03:00      15   14.00    0.00    2.00    1.00    0.00    0.00    0.00    0.00    0.00   83.00

20:03:00     CPU    %usr   %nice    %sys %iowait    %irq   %soft  %steal  %guest  %gnice   %idle
20:03:01     all   17.96    0.00    2.59    0.06    0.00    0.19    0.00    0.00    0.00   79.19
20:03:01       0   34.00    0.00    3.00    0.00    0.00    0.00    0.00    0.00    0.00   63.00
20:03:01       1   26.00    0.00    4.00    0.00    0.00    0.00    0.00    0.00    0.00   70.00
20:03:01       2   18.37    0.00    2.04    0.00    0.00    0.00    0.00    0.00    0.00   79.59
20:03:01       3   13.86    0.00    3.96    0.00    0.00    0.00    0.00    0.00    0.00   82.18
20:03:01       4   28.00    0.00    3.00    0.00    0.00    1.00    0.00    0.00    0.00   68.00
20:03:01       5   26.53    0.00    3.06    0.00    0.00    0.00    0.00    0.00    0.00   70.41
20:03:01       6    7.14    0.00    2.04    0.00    0.00    0.00    0.00    0.00    0.00   90.82
20:03:01       7    3.03    0.00    5.05    0.00    0.00    1.01    0.00    0.00    0.00   90.91
20:03:01       8   13.13    0.00    2.02    1.01    0.00    0.00    0.00    0.00    0.00   83.84
20:03:01       9    6.12    0.00    1.02    0.00    0.00    0.00    0.00    0.00    0.00   92.86
20:03:01      10   28.87    0.00    1.03    0.00    0.00    0.00    0.00    0.00    0.00   70.10
20:03:01      11   32.32    0.00    2.02    0.00    0.00    0.00    0.00    0.00    0.00   65.66
20:03:01      12   18.18    0.00    2.02    0.00    0.00    0.00    0.00    0.00    0.00   79.80
20:03:01      13   14.14    0.00    3.03    0.00    0.00    0.00    0.00    0.00    0.00   82.83
20:03:01      14    3.06    0.00    2.04    0.00    0.00    0.00    0.00    0.00    0.00   94.90
20:03:01      15   14.29    0.00    2.04    0.00    0.00    1.02    0.00    0.00    0.00   82.65
