Linux 7.0.0-1006-aws (ip-172-31-28-187) 	06/20/26 	_x86_64_	(16 CPU)

19:35:19     CPU    %usr   %nice    %sys %iowait    %irq   %soft  %steal  %guest  %gnice   %idle
19:35:20     all   32.89    0.00    3.55    0.13    0.00    0.00    0.00    0.00    0.00   63.43
19:35:20       0   32.32    0.00    2.02    1.01    0.00    0.00    0.00    0.00    0.00   64.65
19:35:20       1   40.40    0.00    2.02    0.00    0.00    0.00    0.00    0.00    0.00   57.58
19:35:20       2   32.99    0.00    2.06    0.00    0.00    0.00    0.00    0.00    0.00   64.95
19:35:20       3   28.28    0.00    2.02    0.00    0.00    0.00    0.00    0.00    0.00   69.70
19:35:20       4   53.54    0.00   26.26    0.00    0.00    0.00    0.00    0.00    0.00   20.20
19:35:20       5   28.28    0.00    2.02    0.00    0.00    0.00    0.00    0.00    0.00   69.70
19:35:20       6   32.99    0.00    2.06    0.00    0.00    0.00    0.00    0.00    0.00   64.95
19:35:20       7   25.00    0.00    3.00    0.00    0.00    0.00    0.00    0.00    0.00   72.00
19:35:20       8   31.31    0.00    2.02    0.00    0.00    0.00    0.00    0.00    0.00   66.67
19:35:20       9   27.55    0.00    1.02    0.00    0.00    0.00    0.00    0.00    0.00   71.43
19:35:20      10   37.37    0.00    2.02    0.00    0.00    0.00    0.00    0.00    0.00   60.61
19:35:20      11   29.00    0.00    2.00    1.00    0.00    0.00    0.00    0.00    0.00   68.00
19:35:20      12   27.55    0.00    2.04    0.00    0.00    0.00    0.00    0.00    0.00   70.41
19:35:20      13   32.65    0.00    2.04    0.00    0.00    0.00    0.00    0.00    0.00   65.31
19:35:20      14   35.71    0.00    3.06    0.00    0.00    0.00    0.00    0.00    0.00   61.22
19:35:20      15   31.31    0.00    1.01    0.00    0.00    0.00    0.00    0.00    0.00   67.68

19:35:20     CPU    %usr   %nice    %sys %iowait    %irq   %soft  %steal  %guest  %gnice   %idle
19:35:21     all   19.12    0.00    1.84    0.13    0.00    0.13    0.00    0.00    0.00   78.78
19:35:21       0   16.16    0.00    1.01    0.00    0.00    0.00    0.00    0.00    0.00   82.83
19:35:21       1   17.17    0.00    2.02    0.00    0.00    0.00    0.00    0.00    0.00   80.81
19:35:21       2   21.65    0.00    1.03    0.00    0.00    0.00    0.00    0.00    0.00   77.32
19:35:21       3   18.37    0.00    1.02    0.00    0.00    0.00    0.00    0.00    0.00   80.61
19:35:21       4   17.17    0.00    2.02    0.00    0.00    0.00    0.00    0.00    0.00   80.81
19:35:21       5   25.51    0.00    1.02    0.00    0.00    0.00    0.00    0.00    0.00   73.47
19:35:21       6   16.16    0.00    3.03    0.00    0.00    0.00    0.00    0.00    0.00   80.81
19:35:21       7   21.43    0.00    2.04    0.00    0.00    0.00    0.00    0.00    0.00   76.53
19:35:21       8   20.20    0.00    2.02    0.00    0.00    0.00    0.00    0.00    0.00   77.78
19:35:21       9   14.43    0.00    2.06    0.00    0.00    0.00    0.00    0.00    0.00   83.51
19:35:21      10   13.13    0.00    2.02    2.02    0.00    0.00    0.00    0.00    0.00   82.83
19:35:21      11   23.47    0.00    2.04    0.00    0.00    1.02    0.00    0.00    0.00   73.47
19:35:21      12   11.22    0.00    2.04    0.00    0.00    0.00    0.00    0.00    0.00   86.73
19:35:21      13   28.57    0.00    1.02    0.00    0.00    0.00    0.00    0.00    0.00   70.41
19:35:21      14   24.24    0.00    3.03    0.00    0.00    0.00    0.00    0.00    0.00   72.73
19:35:21      15   17.17    0.00    2.02    0.00    0.00    1.01    0.00    0.00    0.00   79.80

19:35:21     CPU    %usr   %nice    %sys %iowait    %irq   %soft  %steal  %guest  %gnice   %idle
19:35:22     all   16.75    0.00    1.63    1.00    0.00    0.19    0.00    0.00    0.00   80.43
19:35:22       0   15.00    0.00    2.00    0.00    0.00    0.00    0.00    0.00    0.00   83.00
19:35:22       1   20.20    0.00    1.01    0.00    0.00    1.01    0.00    0.00    0.00   77.78
19:35:22       2   16.83    0.00    1.98    2.97    0.00    0.00    0.00    0.00    0.00   78.22
19:35:22       3   13.13    0.00    3.03    2.02    0.00    0.00    0.00    0.00    0.00   81.82
19:35:22       4   12.12    0.00    1.01    1.01    0.00    0.00    0.00    0.00    0.00   85.86
19:35:22       5   16.00    0.00    1.00    1.00    0.00    0.00    0.00    0.00    0.00   82.00
19:35:22       6   14.43    0.00    1.03    5.15    0.00    0.00    0.00    0.00    0.00   79.38
19:35:22       7   18.81    0.00    1.98    0.00    0.00    0.00    0.00    0.00    0.00   79.21
19:35:22       8   19.00    0.00    1.00    0.00    0.00    1.00    0.00    0.00    0.00   79.00
19:35:22       9   15.00    0.00    2.00    1.00    0.00    0.00    0.00    0.00    0.00   82.00
19:35:22      10   14.14    0.00    2.02    0.00    0.00    0.00    0.00    0.00    0.00   83.84
19:35:22      11   20.79    0.00    0.99    0.00    0.00    0.00    0.00    0.00    0.00   78.22
19:35:22      12   18.18    0.00    2.02    0.00    0.00    0.00    0.00    0.00    0.00   79.80
19:35:22      13   18.63    0.00    1.96    0.98    0.00    0.98    0.00    0.00    0.00   77.45
19:35:22      14   16.16    0.00    1.01    0.00    0.00    0.00    0.00    0.00    0.00   82.83
19:35:22      15   19.39    0.00    2.04    2.04    0.00    0.00    0.00    0.00    0.00   76.53

19:35:22     CPU    %usr   %nice    %sys %iowait    %irq   %soft  %steal  %guest  %gnice   %idle
19:35:23     all   15.26    0.00    1.58    0.63    0.00    0.06    0.00    0.00    0.00   82.46
19:35:23       0   24.49    0.00    2.04    0.00    0.00    0.00    0.00    0.00    0.00   73.47
19:35:23       1   17.17    0.00    3.03    3.03    0.00    0.00    0.00    0.00    0.00   76.77
19:35:23       2   10.10    0.00    3.03    6.06    0.00    0.00    0.00    0.00    0.00   80.81
19:35:23       3   12.12    0.00    1.01    0.00    0.00    0.00    0.00    0.00    0.00   86.87
19:35:23       4   16.33    0.00    1.02    0.00    0.00    0.00    0.00    0.00    0.00   82.65
19:35:23       5   13.27    0.00    1.02    1.02    0.00    0.00    0.00    0.00    0.00   84.69
19:35:23       6    9.18    0.00    1.02    0.00    0.00    0.00    0.00    0.00    0.00   89.80
19:35:23       7   10.10    0.00    2.02    0.00    0.00    0.00    0.00    0.00    0.00   87.88
19:35:23       8   21.43    0.00    1.02    0.00    0.00    0.00    0.00    0.00    0.00   77.55
19:35:23       9    5.00    0.00    2.00    0.00    0.00    0.00    0.00    0.00    0.00   93.00
19:35:23      10   18.00    0.00    2.00    0.00    0.00    1.00    0.00    0.00    0.00   79.00
19:35:23      11   12.12    0.00    2.02    0.00    0.00    0.00    0.00    0.00    0.00   85.86
19:35:23      12   25.51    0.00    1.02    0.00    0.00    0.00    0.00    0.00    0.00   73.47
19:35:23      13    8.08    0.00    1.01    0.00    0.00    0.00    0.00    0.00    0.00   90.91
19:35:23      14   26.26    0.00    1.01    0.00    0.00    0.00    0.00    0.00    0.00   72.73
19:35:23      15   15.31    0.00    1.02    0.00    0.00    0.00    0.00    0.00    0.00   83.67

19:35:23     CPU    %usr   %nice    %sys %iowait    %irq   %soft  %steal  %guest  %gnice   %idle
19:35:24     all   15.72    0.00    1.26    0.82    0.00    0.13    0.00    0.00    0.00   82.07
19:35:24       0   15.15    0.00    1.01    0.00    0.00    0.00    0.00    0.00    0.00   83.84
19:35:24       1   24.24    0.00    2.02    0.00    0.00    0.00    0.00    0.00    0.00   73.74
19:35:24       2   11.22    0.00    1.02    0.00    0.00    0.00    0.00    0.00    0.00   87.76
19:35:24       3   20.20    0.00    1.01    0.00    0.00    1.01    0.00    0.00    0.00   77.78
19:35:24       4   23.00    0.00    1.00    0.00    0.00    0.00    0.00    0.00    0.00   76.00
19:35:24       5   18.00    0.00    1.00    0.00    0.00    0.00    0.00    0.00    0.00   81.00
19:35:24       6   14.00    0.00    2.00    0.00    0.00    0.00    0.00    0.00    0.00   84.00
19:35:24       7   12.12    0.00    1.01    0.00    0.00    0.00    0.00    0.00    0.00   86.87
19:35:24       8    9.09    0.00    1.01    0.00    0.00    0.00    0.00    0.00    0.00   89.90
19:35:24       9   10.10    0.00    0.00    0.00    0.00    1.01    0.00    0.00    0.00   88.89
19:35:24      10   26.80    0.00    3.09    4.12    0.00    0.00    0.00    0.00    0.00   65.98
19:35:24      11   11.34    0.00    1.03    6.19    0.00    0.00    0.00    0.00    0.00   81.44
19:35:24      12   11.88    0.00    0.99    0.99    0.00    0.00    0.00    0.00    0.00   86.14
19:35:24      13   14.14    0.00    2.02    2.02    0.00    0.00    0.00    0.00    0.00   81.82
19:35:24      14   11.11    0.00    1.01    0.00    0.00    0.00    0.00    0.00    0.00   87.88
19:35:24      15   19.19    0.00    1.01    0.00    0.00    0.00    0.00    0.00    0.00   79.80

19:35:24     CPU    %usr   %nice    %sys %iowait    %irq   %soft  %steal  %guest  %gnice   %idle
19:35:25     all   21.05    0.00    1.32    0.19    0.00    0.06    0.00    0.00    0.00   77.38
19:35:25       0   31.63    0.00    1.02    0.00    0.00    0.00    0.00    0.00    0.00   67.35
19:35:25       1   27.55    0.00    1.02    0.00    0.00    0.00    0.00    0.00    0.00   71.43
19:35:25       2   15.31    0.00    1.02    0.00    0.00    0.00    0.00    0.00    0.00   83.67
19:35:25       3   26.00    0.00    1.00    1.00    0.00    0.00    0.00    0.00    0.00   72.00
19:35:25       4   36.63    0.00    1.98    0.00    0.00    0.00    0.00    0.00    0.00   61.39
19:35:25       5   10.10    0.00    2.02    0.00    0.00    0.00    0.00    0.00    0.00   87.88
19:35:25       6   31.00    0.00    1.00    1.00    0.00    0.00    0.00    0.00    0.00   67.00
19:35:25       7   27.00    0.00    1.00    0.00    0.00    0.00    0.00    0.00    0.00   72.00
19:35:25       8   21.43    0.00    2.04    0.00    0.00    0.00    0.00    0.00    0.00   76.53
19:35:25       9   10.10    0.00    1.01    0.00    0.00    0.00    0.00    0.00    0.00   88.89
19:35:25      10   16.16    0.00    1.01    0.00    0.00    0.00    0.00    0.00    0.00   82.83
19:35:25      11   13.00    0.00    2.00    0.00    0.00    0.00    0.00    0.00    0.00   85.00
19:35:25      12   21.00    0.00    2.00    0.00    0.00    1.00    0.00    0.00    0.00   76.00
19:35:25      13   24.24    0.00    1.01    1.01    0.00    0.00    0.00    0.00    0.00   73.74
19:35:25      14   13.27    0.00    1.02    0.00    0.00    0.00    0.00    0.00    0.00   85.71
19:35:25      15   12.00    0.00    1.00    0.00    0.00    0.00    0.00    0.00    0.00   87.00

19:35:25     CPU    %usr   %nice    %sys %iowait    %irq   %soft  %steal  %guest  %gnice   %idle
19:35:26     all   14.37    0.00    1.58    1.39    0.00    0.06    0.00    0.00    0.00   82.61
19:35:26       0    4.04    0.00    2.02    5.05    0.00    0.00    0.00    0.00    0.00   88.89
19:35:26       1    5.10    0.00    2.04    2.04    0.00    0.00    0.00    0.00    0.00   90.82
19:35:26       2   10.00    0.00    1.00    0.00    0.00    0.00    0.00    0.00    0.00   89.00
19:35:26       3   10.10    0.00    1.01    0.00    0.00    0.00    0.00    0.00    0.00   88.89
19:35:26       4   11.11    0.00    0.00    0.00    0.00    1.01    0.00    0.00    0.00   87.88
19:35:26       5   16.00    0.00    1.00    0.00    0.00    0.00    0.00    0.00    0.00   83.00
19:35:26       6   12.12    0.00    2.02    0.00    0.00    0.00    0.00    0.00    0.00   85.86
19:35:26       7   13.13    0.00    1.01    1.01    0.00    0.00    0.00    0.00    0.00   84.85
19:35:26       8   29.29    0.00    1.01    0.00    0.00    0.00    0.00    0.00    0.00   69.70
19:35:26       9   18.81    0.00    1.98    0.99    0.00    0.00    0.00    0.00    0.00   78.22
19:35:26      10   11.11    0.00    1.01    0.00    0.00    0.00    0.00    0.00    0.00   87.88
19:35:26      11   11.00    0.00    1.00    1.00    0.00    0.00    0.00    0.00    0.00   87.00
19:35:26      12   22.22    0.00    1.01    0.00    0.00    0.00    0.00    0.00    0.00   76.77
19:35:26      13   23.23    0.00    3.03    3.03    0.00    0.00    0.00    0.00    0.00   70.71
19:35:26      14   28.28    0.00    2.02    2.02    0.00    0.00    0.00    0.00    0.00   67.68
19:35:26      15    4.08    0.00    4.08    7.14    0.00    0.00    0.00    0.00    0.00   84.69

19:35:26     CPU    %usr   %nice    %sys %iowait    %irq   %soft  %steal  %guest  %gnice   %idle
19:35:27     all   15.01    0.00    1.32    1.58    0.00    0.13    0.00    0.00    0.00   81.97
19:35:27       0    5.10    0.00    2.04    0.00    0.00    0.00    0.00    0.00    0.00   92.86
19:35:27       1   22.00    0.00    1.00    1.00    0.00    0.00    0.00    0.00    0.00   76.00
19:35:27       2   30.00    0.00    2.00    0.00    0.00    0.00    0.00    0.00    0.00   68.00
19:35:27       3    5.05    0.00    2.02    3.03    0.00    0.00    0.00    0.00    0.00   89.90
19:35:27       4    8.00    0.00    2.00    3.00    0.00    0.00    0.00    0.00    0.00   87.00
19:35:27       5    7.00    0.00    1.00    3.00    0.00    1.00    0.00    0.00    0.00   88.00
19:35:27       6   33.33    0.00    1.01    0.00    0.00    0.00    0.00    0.00    0.00   65.66
19:35:27       7    8.16    0.00    2.04    5.10    0.00    0.00    0.00    0.00    0.00   84.69
19:35:27       8    7.92    0.00    0.99    0.99    0.00    0.99    0.00    0.00    0.00   89.11
19:35:27       9   12.37    0.00    0.00    0.00    0.00    0.00    0.00    0.00    0.00   87.63
19:35:27      10    5.05    0.00    1.01    0.00    0.00    0.00    0.00    0.00    0.00   93.94
19:35:27      11    4.08    0.00    3.06    5.10    0.00    0.00    0.00    0.00    0.00   87.76
19:35:27      12    4.04    0.00    1.01    0.00    0.00    0.00    0.00    0.00    0.00   94.95
19:35:27      13   27.27    0.00    1.01    0.00    0.00    0.00    0.00    0.00    0.00   71.72
19:35:27      14   46.46    0.00    1.01    3.03    0.00    0.00    0.00    0.00    0.00   49.49
19:35:27      15   14.00    0.00    0.00    1.00    0.00    0.00    0.00    0.00    0.00   85.00

19:35:27     CPU    %usr   %nice    %sys %iowait    %irq   %soft  %steal  %guest  %gnice   %idle
19:35:28     all   13.65    0.00    1.52    1.71    0.00    0.00    0.00    0.00    0.00   83.12
19:35:28       0   31.63    0.00    1.02    0.00    0.00    0.00    0.00    0.00    0.00   67.35
19:35:28       1   10.10    0.00    1.01    0.00    0.00    0.00    0.00    0.00    0.00   88.89
19:35:28       2    4.04    0.00    1.01    0.00    0.00    0.00    0.00    0.00    0.00   94.95
19:35:28       3   14.14    0.00    1.01    0.00    0.00    0.00    0.00    0.00    0.00   84.85
19:35:28       4   13.40    0.00    2.06    5.15    0.00    0.00    0.00    0.00    0.00   79.38
19:35:28       5    9.18    0.00    1.02    0.00    0.00    0.00    0.00    0.00    0.00   89.80
19:35:28       6    4.08    0.00    1.02    0.00    0.00    0.00    0.00    0.00    0.00   94.90
19:35:28       7   10.20    0.00    3.06   10.20    0.00    0.00    0.00    0.00    0.00   76.53
19:35:28       8   13.13    0.00    1.01    0.00    0.00    0.00    0.00    0.00    0.00   85.86
19:35:28       9   14.00    0.00    3.00    3.00    0.00    0.00    0.00    0.00    0.00   80.00
19:35:28      10   21.00    0.00    2.00    2.00    0.00    0.00    0.00    0.00    0.00   75.00
19:35:28      11   11.11    0.00    0.00    0.00    0.00    0.00    0.00    0.00    0.00   88.89
19:35:28      12    8.00    0.00    1.00    0.00    0.00    0.00    0.00    0.00    0.00   91.00
19:35:28      13   31.00    0.00    2.00    5.00    0.00    0.00    0.00    0.00    0.00   62.00
19:35:28      14   17.00    0.00    2.00    0.00    0.00    0.00    0.00    0.00    0.00   81.00
19:35:28      15    6.12    0.00    2.04    2.04    0.00    0.00    0.00    0.00    0.00   89.80

19:35:28     CPU    %usr   %nice    %sys %iowait    %irq   %soft  %steal  %guest  %gnice   %idle
19:35:29     all   10.64    0.00    1.07    0.00    0.00    0.13    0.00    0.00    0.00   88.17
19:35:29       0    9.00    0.00    1.00    0.00    0.00    0.00    0.00    0.00    0.00   90.00
19:35:29       1    2.04    0.00    1.02    0.00    0.00    0.00    0.00    0.00    0.00   96.94
19:35:29       2    2.04    0.00    1.02    0.00    0.00    0.00    0.00    0.00    0.00   96.94
19:35:29       3   12.00    0.00    1.00    0.00    0.00    0.00    0.00    0.00    0.00   87.00
19:35:29       4   11.11    0.00    0.00    0.00    0.00    0.00    0.00    0.00    0.00   88.89
19:35:29       5   19.00    0.00    2.00    0.00    0.00    0.00    0.00    0.00    0.00   79.00
19:35:29       6   11.88    0.00    0.99    0.00    0.00    0.99    0.00    0.00    0.00   86.14
19:35:29       7    9.00    0.00    1.00    0.00    0.00    0.00    0.00    0.00    0.00   90.00
19:35:29       8   13.00    0.00    1.00    0.00    0.00    0.00    0.00    0.00    0.00   86.00
19:35:29       9   17.17    0.00    1.01    0.00    0.00    0.00    0.00    0.00    0.00   81.82
19:35:29      10   13.13    0.00    1.01    0.00    0.00    0.00    0.00    0.00    0.00   85.86
19:35:29      11   12.00    0.00    1.00    0.00    0.00    0.00    0.00    0.00    0.00   87.00
19:35:29      12   14.29    0.00    1.02    0.00    0.00    0.00    0.00    0.00    0.00   84.69
19:35:29      13    1.02    0.00    1.02    0.00    0.00    0.00    0.00    0.00    0.00   97.96
19:35:29      14   11.00    0.00    1.00    0.00    0.00    1.00    0.00    0.00    0.00   87.00
19:35:29      15   12.12    0.00    2.02    0.00    0.00    0.00    0.00    0.00    0.00   85.86

19:35:29     CPU    %usr   %nice    %sys %iowait    %irq   %soft  %steal  %guest  %gnice   %idle
19:35:30     all    8.36    0.00    1.19    1.57    0.00    0.06    0.00    0.00    0.00   88.81
19:35:30       0    1.00    0.00    2.00    1.00    0.00    0.00    0.00    0.00    0.00   96.00
19:35:30       1   13.13    0.00    3.03    4.04    0.00    0.00    0.00    0.00    0.00   79.80
19:35:30       2    1.02    0.00    3.06    9.18    0.00    0.00    0.00    0.00    0.00   86.73
19:35:30       3    1.01    0.00    1.01    0.00    0.00    0.00    0.00    0.00    0.00   97.98
19:35:30       4   13.00    0.00    1.00    0.00    0.00    0.00    0.00    0.00    0.00   86.00
19:35:30       5   12.12    0.00    0.00    0.00    0.00    0.00    0.00    0.00    0.00   87.88
19:35:30       6    3.03    0.00    1.01    0.00    0.00    0.00    0.00    0.00    0.00   95.96
19:35:30       7   26.26    0.00    0.00    0.00    0.00    0.00    0.00    0.00    0.00   73.74
19:35:30       8   15.00    0.00    1.00    0.00    0.00    0.00    0.00    0.00    0.00   84.00
19:35:30       9    1.00    0.00    1.00    0.00    0.00    0.00    0.00    0.00    0.00   98.00
19:35:30      10    2.02    0.00    0.00    0.00    0.00    0.00    0.00    0.00    0.00   97.98
19:35:30      11   21.00    0.00    0.00    0.00    0.00    1.00    0.00    0.00    0.00   78.00
19:35:30      12    8.00    0.00    1.00    0.00    0.00    0.00    0.00    0.00    0.00   91.00
19:35:30      13    2.02    0.00    3.03    8.08    0.00    0.00    0.00    0.00    0.00   86.87
19:35:30      14    6.00    0.00    1.00    0.00    0.00    0.00    0.00    0.00    0.00   93.00
19:35:30      15    8.08    0.00    1.01    3.03    0.00    0.00    0.00    0.00    0.00   87.88

19:35:30     CPU    %usr   %nice    %sys %iowait    %irq   %soft  %steal  %guest  %gnice   %idle
19:35:31     all   14.95    0.00    1.70    0.69    0.00    0.25    0.00    0.00    0.00   82.41
19:35:31       0   21.00    0.00    2.00    0.00    0.00    1.00    0.00    0.00    0.00   76.00
19:35:31       1   13.13    0.00    3.03    2.02    0.00    0.00    0.00    0.00    0.00   81.82
19:35:31       2    4.90    0.00    1.96    1.96    0.00    0.98    0.00    0.00    0.00   90.20
19:35:31       3    9.90    0.00    0.99    0.00    0.00    0.99    0.00    0.00    0.00   88.12
19:35:31       4    7.14    0.00    3.06    1.02    0.00    0.00    0.00    0.00    0.00   88.78
19:35:31       5   26.00    0.00    1.00    0.00    0.00    0.00    0.00    0.00    0.00   73.00
19:35:31       6   12.00    0.00    2.00    0.00    0.00    0.00    0.00    0.00    0.00   86.00
19:35:31       7   14.85    0.00    1.98    0.00    0.00    0.99    0.00    0.00    0.00   82.18
19:35:31       8    6.12    0.00    1.02    0.00    0.00    0.00    0.00    0.00    0.00   92.86
19:35:31       9    6.12    0.00    1.02    0.00    0.00    0.00    0.00    0.00    0.00   92.86
19:35:31      10    6.12    0.00    1.02    0.00    0.00    0.00    0.00    0.00    0.00   92.86
19:35:31      11    6.06    0.00    2.02    0.00    0.00    0.00    0.00    0.00    0.00   91.92
19:35:31      12   24.00    0.00    1.00    0.00    0.00    0.00    0.00    0.00    0.00   75.00
19:35:31      13   24.24    0.00    2.02    6.06    0.00    0.00    0.00    0.00    0.00   67.68
19:35:31      14   18.18    0.00    1.01    0.00    0.00    0.00    0.00    0.00    0.00   80.81
19:35:31      15   39.00    0.00    2.00    0.00    0.00    0.00    0.00    0.00    0.00   59.00

19:35:31     CPU    %usr   %nice    %sys %iowait    %irq   %soft  %steal  %guest  %gnice   %idle
19:35:32     all    8.80    0.00    1.39    2.59    0.00    0.00    0.00    0.00    0.00   87.22
19:35:32       0   23.23    0.00    0.00    0.00    0.00    0.00    0.00    0.00    0.00   76.77
19:35:32       1   12.12    0.00    0.00    0.00    0.00    0.00    0.00    0.00    0.00   87.88
19:35:32       2   16.49    0.00    3.09    4.12    0.00    0.00    0.00    0.00    0.00   76.29
19:35:32       3   12.24    0.00    1.02    2.04    0.00    0.00    0.00    0.00    0.00   84.69
19:35:32       4   19.39    0.00    1.02    2.04    0.00    0.00    0.00    0.00    0.00   77.55
19:35:32       5    3.00    0.00    1.00    1.00    0.00    0.00    0.00    0.00    0.00   95.00
19:35:32       6    2.02    0.00    0.00    1.01    0.00    0.00    0.00    0.00    0.00   96.97
19:35:32       7   10.10    0.00    1.01    0.00    0.00    0.00    0.00    0.00    0.00   88.89
19:35:32       8   10.10    0.00    1.01    0.00    0.00    0.00    0.00    0.00    0.00   88.89
19:35:32       9    1.03    0.00    3.09   17.53    0.00    0.00    0.00    0.00    0.00   78.35
19:35:32      10   10.00    0.00    1.00    2.00    0.00    0.00    0.00    0.00    0.00   87.00
19:35:32      11    3.03    0.00    4.04   10.10    0.00    0.00    0.00    0.00    0.00   82.83
19:35:32      12    2.04    0.00    1.02    0.00    0.00    0.00    0.00    0.00    0.00   96.94
19:35:32      13    5.05    0.00    1.01    0.00    0.00    0.00    0.00    0.00    0.00   93.94
19:35:32      14    3.96    0.00    2.97    1.98    0.00    0.00    0.00    0.00    0.00   91.09
19:35:32      15    7.14    0.00    1.02    0.00    0.00    0.00    0.00    0.00    0.00   91.84

19:35:32     CPU    %usr   %nice    %sys %iowait    %irq   %soft  %steal  %guest  %gnice   %idle
19:35:33     all   15.39    0.00    1.32    1.76    0.00    0.00    0.00    0.00    0.00   81.53
19:35:33       0   15.00    0.00    1.00    0.00    0.00    0.00    0.00    0.00    0.00   84.00
19:35:33       1   16.00    0.00    1.00    0.00    0.00    0.00    0.00    0.00    0.00   83.00
19:35:33       2    5.05    0.00    0.00    0.00    0.00    0.00    0.00    0.00    0.00   94.95
19:35:33       3   12.87    0.00    2.97    1.98    0.00    0.00    0.00    0.00    0.00   82.18
19:35:33       4    9.09    0.00    3.03    5.05    0.00    0.00    0.00    0.00    0.00   82.83
19:35:33       5   24.00    0.00    1.00    0.00    0.00    0.00    0.00    0.00    0.00   75.00
19:35:33       6    6.12    0.00    2.04    7.14    0.00    0.00    0.00    0.00    0.00   84.69
19:35:33       7   39.39    0.00    0.00    0.00    0.00    0.00    0.00    0.00    0.00   60.61
19:35:33       8   14.00    0.00    1.00    1.00    0.00    0.00    0.00    0.00    0.00   84.00
19:35:33       9   14.00    0.00    1.00    0.00    0.00    0.00    0.00    0.00    0.00   85.00
19:35:33      10   16.16    0.00    4.04   11.11    0.00    0.00    0.00    0.00    0.00   68.69
19:35:33      11   29.59    0.00    0.00    0.00    0.00    0.00    0.00    0.00    0.00   70.41
19:35:33      12   11.11    0.00    1.01    0.00    0.00    0.00    0.00    0.00    0.00   87.88
19:35:33      13    2.02    0.00    1.01    0.00    0.00    0.00    0.00    0.00    0.00   96.97
19:35:33      14   18.18    0.00    0.00    1.01    0.00    0.00    0.00    0.00    0.00   80.81
19:35:33      15   13.73    0.00    1.96    0.98    0.00    0.00    0.00    0.00    0.00   83.33

19:35:33     CPU    %usr   %nice    %sys %iowait    %irq   %soft  %steal  %guest  %gnice   %idle
19:35:34     all   15.78    0.00    1.82    1.38    0.00    0.00    0.00    0.00    0.00   81.02
19:35:34       0   18.18    0.00    1.01    0.00    0.00    0.00    0.00    0.00    0.00   80.81
19:35:34       1    8.00    0.00    2.00    0.00    0.00    0.00    0.00    0.00    0.00   90.00
19:35:34       2   11.11    0.00    1.01    0.00    0.00    0.00    0.00    0.00    0.00   87.88
19:35:34       3   15.15    0.00    1.01    1.01    0.00    0.00    0.00    0.00    0.00   82.83
19:35:34       4    7.07    0.00    2.02    0.00    0.00    0.00    0.00    0.00    0.00   90.91
19:35:34       5   14.14    0.00    1.01    0.00    0.00    0.00    0.00    0.00    0.00   84.85
19:35:34       6   15.15    0.00    3.03    9.09    0.00    0.00    0.00    0.00    0.00   72.73
19:35:34       7   17.82    0.00    5.94    5.94    0.00    0.00    0.00    0.00    0.00   70.30
19:35:34       8    7.07    0.00    1.01    0.00    0.00    0.00    0.00    0.00    0.00   91.92
19:35:34       9    7.14    0.00    1.02    0.00    0.00    0.00    0.00    0.00    0.00   91.84
19:35:34      10    6.00    0.00    3.00    4.00    0.00    0.00    0.00    0.00    0.00   87.00
19:35:34      11   24.00    0.00    1.00    1.00    0.00    0.00    0.00    0.00    0.00   74.00
19:35:34      12   37.62    0.00    1.98    0.99    0.00    0.00    0.00    0.00    0.00   59.41
19:35:34      13   31.31    0.00    1.01    0.00    0.00    0.00    0.00    0.00    0.00   67.68
19:35:34      14    6.06    0.00    1.01    0.00    0.00    0.00    0.00    0.00    0.00   92.93
19:35:34      15   26.00    0.00    2.00    0.00    0.00    0.00    0.00    0.00    0.00   72.00

19:35:34     CPU    %usr   %nice    %sys %iowait    %irq   %soft  %steal  %guest  %gnice   %idle
19:35:35     all    4.53    0.00    0.82    1.26    0.00    0.06    0.00    0.00    0.00   93.33
19:35:35       0    3.96    0.00    0.99    0.00    0.00    0.00    0.00    0.00    0.00   95.05
19:35:35       1    1.02    0.00    2.04    4.08    0.00    0.00    0.00    0.00    0.00   92.86
19:35:35       2    3.03    0.00    0.00    0.00    0.00    0.00    0.00    0.00    0.00   96.97
19:35:35       3    2.04    0.00    1.02    0.00    0.00    0.00    0.00    0.00    0.00   96.94
19:35:35       4    2.02    0.00    1.01    2.02    0.00    0.00    0.00    0.00    0.00   94.95
19:35:35       5    0.00    0.00    1.02    6.12    0.00    0.00    0.00    0.00    0.00   92.86
19:35:35       6   14.00    0.00    1.00    0.00    0.00    0.00    0.00    0.00    0.00   85.00
19:35:35       7   10.20    0.00    0.00    0.00    0.00    0.00    0.00    0.00    0.00   89.80
19:35:35       8    1.01    0.00    1.01    6.06    0.00    0.00    0.00    0.00    0.00   91.92
19:35:35       9    2.97    0.00    0.99    0.99    0.00    0.00    0.00    0.00    0.00   95.05
19:35:35      10    2.00    0.00    0.00    0.00    0.00    0.00    0.00    0.00    0.00   98.00
19:35:35      11    4.00    0.00    1.00    0.00    0.00    0.00    0.00    0.00    0.00   95.00
19:35:35      12    1.00    0.00    0.00    0.00    0.00    1.00    0.00    0.00    0.00   98.00
19:35:35      13    7.07    0.00    1.01    1.01    0.00    0.00    0.00    0.00    0.00   90.91
19:35:35      14   15.00    0.00    1.00    0.00    0.00    0.00    0.00    0.00    0.00   84.00
19:35:35      15    3.03    0.00    1.01    0.00    0.00    0.00    0.00    0.00    0.00   95.96

19:35:35     CPU    %usr   %nice    %sys %iowait    %irq   %soft  %steal  %guest  %gnice   %idle
19:35:36     all    7.36    0.00    1.32    1.95    0.00    0.06    0.00    0.00    0.00   89.31
19:35:36       0    2.04    0.00    1.02    1.02    0.00    0.00    0.00    0.00    0.00   95.92
19:35:36       1    3.00    0.00    1.00    0.00    0.00    0.00    0.00    0.00    0.00   96.00
19:35:36       2    7.92    0.00    0.99    0.99    0.00    0.00    0.00    0.00    0.00   90.10
19:35:36       3    4.00    0.00    1.00    0.00    0.00    0.00    0.00    0.00    0.00   95.00
19:35:36       4    8.25    0.00    3.09    8.25    0.00    0.00    0.00    0.00    0.00   80.41
19:35:36       5    8.16    0.00    5.10   17.35    0.00    0.00    0.00    0.00    0.00   69.39
19:35:36       6    6.00    0.00    1.00    0.00    0.00    0.00    0.00    0.00    0.00   93.00
19:35:36       7   14.00    0.00    2.00    3.00    0.00    0.00    0.00    0.00    0.00   81.00
19:35:36       8    9.09    0.00    1.01    0.00    0.00    0.00    0.00    0.00    0.00   89.90
19:35:36       9   25.25    0.00    1.01    1.01    0.00    0.00    0.00    0.00    0.00   72.73
19:35:36      10    8.00    0.00    1.00    0.00    0.00    0.00    0.00    0.00    0.00   91.00
19:35:36      11    6.06    0.00    0.00    0.00    0.00    0.00    0.00    0.00    0.00   93.94
19:35:36      12    1.01    0.00    1.01    0.00    0.00    0.00    0.00    0.00    0.00   97.98
19:35:36      13    3.00    0.00    0.00    0.00    0.00    1.00    0.00    0.00    0.00   96.00
19:35:36      14    8.00    0.00    1.00    0.00    0.00    0.00    0.00    0.00    0.00   91.00
19:35:36      15    4.00    0.00    1.00    0.00    0.00    0.00    0.00    0.00    0.00   95.00

19:35:36     CPU    %usr   %nice    %sys %iowait    %irq   %soft  %steal  %guest  %gnice   %idle
19:35:37     all    9.82    0.00    2.01    3.15    0.00    0.00    0.00    0.00    0.00   85.02
19:35:37       0    9.90    0.00    0.99    0.00    0.00    0.00    0.00    0.00    0.00   89.11
19:35:37       1    9.00    0.00    1.00    0.00    0.00    0.00    0.00    0.00    0.00   90.00
19:35:37       2   23.71    0.00    4.12   18.56    0.00    0.00    0.00    0.00    0.00   53.61
19:35:37       3   16.00    0.00    5.00   15.00    0.00    0.00    0.00    0.00    0.00   64.00
19:35:37       4   10.00    0.00    1.00    0.00    0.00    0.00    0.00    0.00    0.00   89.00
19:35:37       5    3.06    0.00    1.02    0.00    0.00    0.00    0.00    0.00    0.00   95.92
19:35:37       6    4.00    0.00    1.00    0.00    0.00    0.00    0.00    0.00    0.00   95.00
19:35:37       7    7.00    0.00    1.00    0.00    0.00    0.00    0.00    0.00    0.00   92.00
19:35:37       8    7.92    0.00    1.98    0.00    0.00    0.00    0.00    0.00    0.00   90.10
19:35:37       9   10.42    0.00    7.29   15.62    0.00    0.00    0.00    0.00    0.00   66.67
19:35:37      10    4.04    0.00    1.01    0.00    0.00    0.00    0.00    0.00    0.00   94.95
19:35:37      11    4.00    0.00    1.00    0.00    0.00    0.00    0.00    0.00    0.00   95.00
19:35:37      12   11.11    0.00    2.02    2.02    0.00    0.00    0.00    0.00    0.00   84.85
19:35:37      13   11.00    0.00    1.00    0.00    0.00    0.00    0.00    0.00    0.00   88.00
19:35:37      14    8.08    0.00    2.02    0.00    0.00    0.00    0.00    0.00    0.00   89.90
19:35:37      15   18.18    0.00    1.01    0.00    0.00    0.00    0.00    0.00    0.00   80.81

19:35:37     CPU    %usr   %nice    %sys %iowait    %irq   %soft  %steal  %guest  %gnice   %idle
19:35:38     all    9.90    0.00    0.95    1.89    0.00    0.06    0.00    0.00    0.00   87.20
19:35:38       0    4.04    0.00    1.01    0.00    0.00    0.00    0.00    0.00    0.00   94.95
19:35:38       1   19.80    0.00    1.98    1.98    0.00    0.99    0.00    0.00    0.00   75.25
19:35:38       2    9.00    0.00    0.00    0.00    0.00    0.00    0.00    0.00    0.00   91.00
19:35:38       3    4.12    0.00    0.00    0.00    0.00    0.00    0.00    0.00    0.00   95.88
19:35:38       4    5.05    0.00    0.00    0.00    0.00    0.00    0.00    0.00    0.00   94.95
19:35:38       5   11.88    0.00    0.99    0.99    0.00    0.00    0.00    0.00    0.00   86.14
19:35:38       6   13.27    0.00    3.06   15.31    0.00    0.00    0.00    0.00    0.00   68.37
19:35:38       7   12.12    0.00    1.01    3.03    0.00    0.00    0.00    0.00    0.00   83.84
19:35:38       8    6.06    0.00    0.00    0.00    0.00    0.00    0.00    0.00    0.00   93.94
19:35:38       9    2.02    0.00    1.01    1.01    0.00    0.00    0.00    0.00    0.00   95.96
19:35:38      10    3.03    0.00    1.01    0.00    0.00    0.00    0.00    0.00    0.00   95.96
19:35:38      11   15.15    0.00    0.00    0.00    0.00    0.00    0.00    0.00    0.00   84.85
19:35:38      12   10.00    0.00    1.00    0.00    0.00    0.00    0.00    0.00    0.00   89.00
19:35:38      13   22.22    0.00    0.00    0.00    0.00    0.00    0.00    0.00    0.00   77.78
19:35:38      14    4.04    0.00    0.00    0.00    0.00    0.00    0.00    0.00    0.00   95.96
19:35:38      15   16.33    0.00    4.08    8.16    0.00    0.00    0.00    0.00    0.00   71.43

19:35:38     CPU    %usr   %nice    %sys %iowait    %irq   %soft  %steal  %guest  %gnice   %idle
19:35:39     all   10.55    0.00    1.45    1.64    0.00    0.06    0.00    0.00    0.00   86.29
19:35:39       0   16.33    0.00    1.02    0.00    0.00    0.00    0.00    0.00    0.00   82.65
19:35:39       1    6.12    0.00    1.02    0.00    0.00    0.00    0.00    0.00    0.00   92.86
19:35:39       2    4.00    0.00    1.00    0.00    0.00    0.00    0.00    0.00    0.00   95.00
19:35:39       3   12.12    0.00    2.02    3.03    0.00    0.00    0.00    0.00    0.00   82.83
19:35:39       4    6.00    0.00    1.00    1.00    0.00    0.00    0.00    0.00    0.00   92.00
19:35:39       5    3.06    0.00    1.02    0.00    0.00    0.00    0.00    0.00    0.00   95.92
19:35:39       6   13.13    0.00    2.02    8.08    0.00    0.00    0.00    0.00    0.00   76.77
19:35:39       7   13.27    0.00    3.06    9.18    0.00    0.00    0.00    0.00    0.00   74.49
19:35:39       8    6.12    0.00    1.02    0.00    0.00    0.00    0.00    0.00    0.00   92.86
19:35:39       9    5.94    0.00    0.99    0.00    0.00    0.99    0.00    0.00    0.00   92.08
19:35:39      10   23.23    0.00    1.01    0.00    0.00    0.00    0.00    0.00    0.00   75.76
19:35:39      11   22.22    0.00    1.01    0.00    0.00    0.00    0.00    0.00    0.00   76.77
19:35:39      12   10.00    0.00    1.00    0.00    0.00    0.00    0.00    0.00    0.00   89.00
19:35:39      13   12.00    0.00    2.00    0.00    0.00    0.00    0.00    0.00    0.00   86.00
19:35:39      14   12.12    0.00    1.01    0.00    0.00    0.00    0.00    0.00    0.00   86.87
19:35:39      15    3.09    0.00    3.09    5.15    0.00    0.00    0.00    0.00    0.00   88.66

19:35:39     CPU    %usr   %nice    %sys %iowait    %irq   %soft  %steal  %guest  %gnice   %idle
19:35:40     all    5.59    0.00    1.01    1.76    0.00    0.06    0.00    0.00    0.00   91.58
19:35:40       0   12.24    0.00    5.10    8.16    0.00    0.00    0.00    0.00    0.00   74.49
19:35:40       1    3.00    0.00    1.00    0.00    0.00    0.00    0.00    0.00    0.00   96.00
19:35:40       2    5.05    0.00    0.00    0.00    0.00    0.00    0.00    0.00    0.00   94.95
19:35:40       3    6.00    0.00    1.00    1.00    0.00    0.00    0.00    0.00    0.00   92.00
19:35:40       4    1.00    0.00    0.00    0.00    0.00    1.00    0.00    0.00    0.00   98.00
19:35:40       5    7.00    0.00    1.00    0.00    0.00    0.00    0.00    0.00    0.00   92.00
19:35:40       6    4.04    0.00    1.01    0.00    0.00    0.00    0.00    0.00    0.00   94.95
19:35:40       7    2.06    0.00    3.09   15.46    0.00    0.00    0.00    0.00    0.00   79.38
19:35:40       8    5.10    0.00    1.02    4.08    0.00    0.00    0.00    0.00    0.00   89.80
19:35:40       9    8.00    0.00    0.00    0.00    0.00    0.00    0.00    0.00    0.00   92.00
19:35:40      10    5.00    0.00    0.00    0.00    0.00    0.00    0.00    0.00    0.00   95.00
19:35:40      11   12.87    0.00    0.99    0.00    0.00    0.00    0.00    0.00    0.00   86.14
19:35:40      12    7.07    0.00    0.00    0.00    0.00    0.00    0.00    0.00    0.00   92.93
19:35:40      13    7.00    0.00    0.00    0.00    0.00    0.00    0.00    0.00    0.00   93.00
19:35:40      14    3.00    0.00    1.00    0.00    0.00    0.00    0.00    0.00    0.00   96.00
19:35:40      15    1.00    0.00    1.00    0.00    0.00    0.00    0.00    0.00    0.00   98.00

19:35:40     CPU    %usr   %nice    %sys %iowait    %irq   %soft  %steal  %guest  %gnice   %idle
19:35:41     all    0.94    0.00    0.75    1.94    0.00    0.06    0.00    0.00    0.00   96.30
19:35:41       0    2.08    0.00    4.17   10.42    0.00    0.00    0.00    0.00    0.00   83.33
19:35:41       1    0.00    0.00    0.00    0.00    0.00    0.00    0.00    0.00    0.00  100.00
19:35:41       2    0.00    0.00    0.00    0.00    0.00    0.00    0.00    0.00    0.00  100.00
19:35:41       3    1.01    0.00    0.00    0.00    0.00    0.00    0.00    0.00    0.00   98.99
19:35:41       4    0.99    0.00    0.99    0.00    0.00    0.00    0.00    0.00    0.00   98.02
19:35:41       5    5.88    0.00    0.98    0.00    0.00    0.98    0.00    0.00    0.00   92.16
19:35:41       6    0.99    0.00    0.99    0.00    0.00    0.00    0.00    0.00    0.00   98.02
19:35:41       7    1.01    0.00    3.03   18.18    0.00    0.00    0.00    0.00    0.00   77.78
19:35:41       8    1.00    0.00    1.00    3.00    0.00    0.00    0.00    0.00    0.00   95.00
19:35:41       9    0.00    0.00    0.00    0.00    0.00    0.00    0.00    0.00    0.00  100.00
19:35:41      10    0.00    0.00    0.00    0.00    0.00    0.00    0.00    0.00    0.00  100.00
19:35:41      11    0.00    0.00    0.00    0.00    0.00    0.00    0.00    0.00    0.00  100.00
19:35:41      12    0.00    0.00    0.00    0.00    0.00    0.00    0.00    0.00    0.00  100.00
19:35:41      13    0.00    0.00    0.00    0.00    0.00    0.00    0.00    0.00    0.00  100.00
19:35:41      14    1.00    0.00    0.00    0.00    0.00    0.00    0.00    0.00    0.00   99.00
19:35:41      15    0.99    0.00    0.99    0.00    0.00    0.00    0.00    0.00    0.00   98.02

19:35:41     CPU    %usr   %nice    %sys %iowait    %irq   %soft  %steal  %guest  %gnice   %idle
19:35:42     all    0.75    0.00    0.19    0.00    0.00    0.00    0.00    0.00    0.00   99.06
19:35:42       0    0.00    0.00    0.00    0.00    0.00    0.00    0.00    0.00    0.00  100.00
19:35:42       1    0.98    0.00    0.98    0.00    0.00    0.00    0.00    0.00    0.00   98.04
19:35:42       2    0.00    0.00    0.00    0.00    0.00    0.00    0.00    0.00    0.00  100.00
19:35:42       3    0.00    0.00    0.00    0.00    0.00    0.00    0.00    0.00    0.00  100.00
19:35:42       4    0.00    0.00    0.00    0.00    0.00    0.00    0.00    0.00    0.00  100.00
19:35:42       5    7.00    0.00    0.00    0.00    0.00    0.00    0.00    0.00    0.00   93.00
19:35:42       6    0.00    0.00    0.00    0.00    0.00    0.00    0.00    0.00    0.00  100.00
19:35:42       7    0.00    0.00    0.00    0.00    0.00    0.00    0.00    0.00    0.00  100.00
19:35:42       8    0.00    0.00    0.00    0.00    0.00    0.00    0.00    0.00    0.00  100.00
19:35:42       9    0.00    0.00    1.00    0.00    0.00    0.00    0.00    0.00    0.00   99.00
19:35:42      10    0.99    0.00    0.00    0.00    0.00    0.00    0.00    0.00    0.00   99.01
19:35:42      11    1.00    0.00    0.00    0.00    0.00    0.00    0.00    0.00    0.00   99.00
19:35:42      12    0.00    0.00    0.00    0.00    0.00    0.00    0.00    0.00    0.00  100.00
19:35:42      13    2.02    0.00    0.00    0.00    0.00    0.00    0.00    0.00    0.00   97.98
19:35:42      14    0.00    0.00    1.00    0.00    0.00    0.00    0.00    0.00    0.00   99.00
19:35:42      15    0.00    0.00    0.00    0.00    0.00    0.00    0.00    0.00    0.00  100.00

19:35:42     CPU    %usr   %nice    %sys %iowait    %irq   %soft  %steal  %guest  %gnice   %idle
19:35:43     all    0.69    0.00    0.19    0.00    0.00    0.00    0.00    0.00    0.00   99.12
19:35:43       0    0.00    0.00    0.00    0.00    0.00    0.00    0.00    0.00    0.00  100.00
19:35:43       1    0.00    0.00    0.00    0.00    0.00    0.00    0.00    0.00    0.00  100.00
19:35:43       2    0.99    0.00    0.00    0.00    0.00    0.00    0.00    0.00    0.00   99.01
19:35:43       3    0.00    0.00    0.00    0.00    0.00    0.00    0.00    0.00    0.00  100.00
19:35:43       4    0.00    0.00    0.00    0.00    0.00    0.00    0.00    0.00    0.00  100.00
19:35:43       5    8.00    0.00    1.00    0.00    0.00    0.00    0.00    0.00    0.00   91.00
19:35:43       6    0.00    0.00    0.00    0.00    0.00    0.00    0.00    0.00    0.00  100.00
19:35:43       7    0.00    0.00    0.00    0.00    0.00    0.00    0.00    0.00    0.00  100.00
19:35:43       8    0.00    0.00    0.99    0.00    0.00    0.00    0.00    0.00    0.00   99.01
19:35:43       9    0.00    0.00    0.00    0.00    0.00    0.00    0.00    0.00    0.00  100.00
19:35:43      10    0.00    0.00    1.01    0.00    0.00    0.00    0.00    0.00    0.00   98.99
19:35:43      11    0.00    0.00    0.00    0.00    0.00    0.00    0.00    0.00    0.00  100.00
19:35:43      12    0.00    0.00    0.00    0.00    0.00    0.00    0.00    0.00    0.00  100.00
19:35:43      13    1.00    0.00    0.00    0.00    0.00    0.00    0.00    0.00    0.00   99.00
19:35:43      14    1.00    0.00    0.00    0.00    0.00    0.00    0.00    0.00    0.00   99.00
19:35:43      15    0.00    0.00    0.00    0.00    0.00    0.00    0.00    0.00    0.00  100.00

19:35:43     CPU    %usr   %nice    %sys %iowait    %irq   %soft  %steal  %guest  %gnice   %idle
19:35:44     all    0.75    0.00    0.37    0.00    0.00    0.00    0.00    0.00    0.00   98.88
19:35:44       0    0.99    0.00    0.99    0.00    0.00    0.00    0.00    0.00    0.00   98.02
19:35:44       1    0.00    0.00    0.00    0.00    0.00    0.00    0.00    0.00    0.00  100.00
19:35:44       2    0.00    0.00    1.00    0.00    0.00    0.00    0.00    0.00    0.00   99.00
19:35:44       3    0.00    0.00    0.00    0.00    0.00    0.00    0.00    0.00    0.00  100.00
19:35:44       4    0.00    0.00    0.00    0.00    0.00    0.00    0.00    0.00    0.00  100.00
19:35:44       5    0.00    0.00    0.00    0.00    0.00    0.00    0.00    0.00    0.00  100.00
19:35:44       6    8.00    0.00    1.00    0.00    0.00    0.00    0.00    0.00    0.00   91.00
19:35:44       7    0.00    0.00    0.00    0.00    0.00    0.00    0.00    0.00    0.00  100.00
19:35:44       8    0.00    0.00    0.00    0.00    0.00    0.00    0.00    0.00    0.00  100.00
19:35:44       9    0.99    0.00    0.99    0.00    0.00    0.00    0.00    0.00    0.00   98.02
19:35:44      10    0.99    0.00    0.00    0.00    0.00    0.00    0.00    0.00    0.00   99.01
19:35:44      11    0.00    0.00    1.00    0.00    0.00    0.00    0.00    0.00    0.00   99.00
19:35:44      12    0.99    0.00    0.99    0.00    0.00    0.00    0.00    0.00    0.00   98.02
19:35:44      13    0.00    0.00    0.00    0.00    0.00    0.00    0.00    0.00    0.00  100.00
19:35:44      14    0.00    0.00    0.00    0.00    0.00    0.00    0.00    0.00    0.00  100.00
19:35:44      15    0.00    0.00    0.00    0.00    0.00    0.00    0.00    0.00    0.00  100.00
