Linux 6.18.35-68.127.amzn2023.x86_64 (ip-172-31-43-39.ap-south-1.compute.internal) 	06/26/26 	_x86_64_	(16 CPU)

22:02:16     CPU    %usr   %nice    %sys %iowait    %irq   %soft  %steal  %guest  %gnice   %idle
22:02:17     all   46.64    0.00    4.40    0.00    0.00    0.00    0.00    0.00    0.00   48.96
22:02:17       0   48.04    0.00    3.92    0.00    0.00    0.00    0.00    0.00    0.00   48.04
22:02:17       1   49.06    0.00    4.72    0.00    0.00    0.00    0.00    0.00    0.00   46.23
22:02:17       2   40.78    0.00    3.88    0.00    0.00    0.00    0.00    0.00    0.00   55.34
22:02:17       3   59.05    0.00    3.81    0.00    0.00    0.00    0.00    0.00    0.00   37.14
22:02:17       4   49.02    0.00    5.88    0.00    0.00    0.00    0.00    0.00    0.00   45.10
22:02:17       5   37.62    0.00    5.94    0.00    0.00    0.00    0.00    0.00    0.00   56.44
22:02:17       6   41.35    0.00    1.92    0.00    0.00    0.00    0.00    0.00    0.00   56.73
22:02:17       7   61.00    0.00   12.00    0.00    0.00    0.00    0.00    0.00    0.00   27.00
22:02:17       8   46.08    0.00    5.88    0.00    0.00    0.00    0.00    0.00    0.00   48.04
22:02:17       9   49.02    0.00    2.94    0.00    0.00    0.00    0.00    0.00    0.00   48.04
22:02:17      10   46.46    0.00    3.03    0.00    0.00    0.00    0.00    0.00    0.00   50.51
22:02:17      11   43.30    0.00    3.09    0.00    0.00    0.00    0.00    0.00    0.00   53.61
22:02:17      12   43.14    0.00    2.94    0.00    0.00    0.00    0.00    0.00    0.00   53.92
22:02:17      13   43.56    0.00    3.96    0.00    0.00    0.00    0.00    0.00    0.00   52.48
22:02:17      14   42.45    0.00    3.77    0.00    0.00    0.00    0.00    0.00    0.00   53.77
22:02:17      15   46.23    0.00    2.83    0.00    0.00    0.00    0.00    0.00    0.00   50.94

22:02:17     CPU    %usr   %nice    %sys %iowait    %irq   %soft  %steal  %guest  %gnice   %idle
22:02:18     all   44.96    0.00    1.59    0.06    0.00    0.06    0.00    0.00    0.00   53.32
22:02:18       0   35.05    0.00    1.03    0.00    0.00    0.00    0.00    0.00    0.00   63.92
22:02:18       1   49.48    0.00    1.03    0.00    0.00    0.00    0.00    0.00    0.00   49.48
22:02:18       2   39.22    0.00    0.98    0.00    0.00    0.00    0.00    0.00    0.00   59.80
22:02:18       3   88.89    0.00    1.01    0.00    0.00    0.00    0.00    0.00    0.00   10.10
22:02:18       4   59.38    0.00    1.04    0.00    0.00    0.00    0.00    0.00    0.00   39.58
22:02:18       5   30.53    0.00    2.11    0.00    0.00    0.00    0.00    0.00    0.00   67.37
22:02:18       6   24.47    0.00    1.06    0.00    0.00    0.00    0.00    0.00    0.00   74.47
22:02:18       7   41.00    0.00    0.00    1.00    0.00    0.00    0.00    0.00    0.00   58.00
22:02:18       8   47.42    0.00    3.09    0.00    0.00    0.00    0.00    0.00    0.00   49.48
22:02:18       9   43.43    0.00    4.04    0.00    0.00    1.01    0.00    0.00    0.00   51.52
22:02:18      10   26.32    0.00    0.00    0.00    0.00    0.00    0.00    0.00    0.00   73.68
22:02:18      11   73.79    0.00    1.94    0.00    0.00    0.00    0.00    0.00    0.00   24.27
22:02:18      12   46.88    0.00    2.08    0.00    0.00    0.00    0.00    0.00    0.00   51.04
22:02:18      13   39.18    0.00    2.06    0.00    0.00    0.00    0.00    0.00    0.00   58.76
22:02:18      14   28.28    0.00    2.02    0.00    0.00    0.00    0.00    0.00    0.00   69.70
22:02:18      15   43.14    0.00    1.96    0.00    0.00    0.00    0.00    0.00    0.00   54.90

22:02:18     CPU    %usr   %nice    %sys %iowait    %irq   %soft  %steal  %guest  %gnice   %idle
22:02:19     all   33.16    0.00    2.03    0.32    0.00    0.25    0.00    0.00    0.00   64.24
22:02:19       0   27.37    0.00    1.05    0.00    0.00    0.00    0.00    0.00    0.00   71.58
22:02:19       1   24.74    0.00    4.12    0.00    0.00    0.00    0.00    0.00    0.00   71.13
22:02:19       2   37.50    0.00    2.08    0.00    0.00    0.00    0.00    0.00    0.00   60.42
22:02:19       3   18.18    0.00    0.00    0.00    0.00    0.00    0.00    0.00    0.00   81.82
22:02:19       4   33.00    0.00    2.00    1.00    0.00    1.00    0.00    0.00    0.00   63.00
22:02:19       5   29.90    0.00    3.09    1.03    0.00    0.00    0.00    0.00    0.00   65.98
22:02:19       6   32.38    0.00    1.90    0.00    0.00    0.00    0.00    0.00    0.00   65.71
22:02:19       7   16.67    0.00    2.08    0.00    0.00    0.00    0.00    0.00    0.00   81.25
22:02:19       8   25.00    0.00    2.88    0.00    0.00    0.00    0.00    0.00    0.00   72.12
22:02:19       9   40.59    0.00    1.98    0.99    0.00    0.99    0.00    0.00    0.00   55.45
22:02:19      10   38.54    0.00    1.04    0.00    0.00    0.00    0.00    0.00    0.00   60.42
22:02:19      11  100.00    0.00    0.00    0.00    0.00    0.00    0.00    0.00    0.00    0.00
22:02:19      12   32.61    0.00    3.26    0.00    0.00    0.00    0.00    0.00    0.00   64.13
22:02:19      13   20.21    0.00    2.13    1.06    0.00    0.00    0.00    0.00    0.00   76.60
22:02:19      14   19.80    0.00    2.97    0.00    0.00    0.00    0.00    0.00    0.00   77.23
22:02:19      15   32.69    0.00    1.92    0.96    0.00    1.92    0.00    0.00    0.00   62.50

22:02:19     CPU    %usr   %nice    %sys %iowait    %irq   %soft  %steal  %guest  %gnice   %idle
22:02:20     all   36.35    0.00    1.47    0.32    0.00    0.32    0.00    0.00    0.00   61.54
22:02:20       0   40.21    0.00    3.09    1.03    0.00    0.00    0.00    0.00    0.00   55.67
22:02:20       1   58.00    0.00    0.00    1.00    0.00    0.00    0.00    0.00    0.00   41.00
22:02:20       2   46.39    0.00    1.03    0.00    0.00    0.00    0.00    0.00    0.00   52.58
22:02:20       3   29.00    0.00    2.00    0.00    0.00    0.00    0.00    0.00    0.00   69.00
22:02:20       4   63.64    0.00    1.01    0.00    0.00    0.00    0.00    0.00    0.00   35.35
22:02:20       5   27.08    0.00    2.08    0.00    0.00    1.04    0.00    0.00    0.00   69.79
22:02:20       6   22.68    0.00    0.00    1.03    0.00    0.00    0.00    0.00    0.00   76.29
22:02:20       7   20.79    0.00    1.98    0.00    0.00    0.00    0.00    0.00    0.00   77.23
22:02:20       8   22.00    0.00    1.00    0.00    0.00    0.00    0.00    0.00    0.00   77.00
22:02:20       9   52.04    0.00    4.08    0.00    0.00    0.00    0.00    0.00    0.00   43.88
22:02:20      10   14.85    0.00    0.99    0.99    0.00    0.00    0.00    0.00    0.00   83.17
22:02:20      11  100.00    0.00    0.00    0.00    0.00    0.00    0.00    0.00    0.00    0.00
22:02:20      12   10.42    0.00    1.04    0.00    0.00    3.12    0.00    0.00    0.00   85.42
22:02:20      13   25.51    0.00    4.08    0.00    0.00    1.02    0.00    0.00    0.00   69.39
22:02:20      14   30.11    0.00    1.08    1.08    0.00    0.00    0.00    0.00    0.00   67.74
22:02:20      15   16.84    0.00    0.00    0.00    0.00    0.00    0.00    0.00    0.00   83.16

22:02:20     CPU    %usr   %nice    %sys %iowait    %irq   %soft  %steal  %guest  %gnice   %idle
22:02:21     all   30.18    0.00    0.90    0.26    0.00    0.13    0.00    0.00    0.00   68.54
22:02:21       0   21.51    0.00    1.08    0.00    0.00    0.00    0.00    0.00    0.00   77.42
22:02:21       1   40.00    0.00    1.00    1.00    0.00    0.00    0.00    0.00    0.00   58.00
22:02:21       2   30.30    0.00    1.01    0.00    0.00    0.00    0.00    0.00    0.00   68.69
22:02:21       3   30.93    0.00    0.00    0.00    0.00    0.00    0.00    0.00    0.00   69.07
22:02:21       4   27.08    0.00    0.00    0.00    0.00    1.04    0.00    0.00    0.00   71.88
22:02:21       5   16.83    0.00    0.99    0.00    0.00    0.00    0.00    0.00    0.00   82.18
22:02:21       6   26.53    0.00    1.02    0.00    0.00    0.00    0.00    0.00    0.00   72.45
22:02:21       7   22.00    0.00    1.00    0.00    0.00    0.00    0.00    0.00    0.00   77.00
22:02:21       8   22.45    0.00    1.02    1.02    0.00    0.00    0.00    0.00    0.00   75.51
22:02:21       9   23.71    0.00    2.06    1.03    0.00    0.00    0.00    0.00    0.00   73.20
22:02:21      10   43.88    0.00    1.02    0.00    0.00    0.00    0.00    0.00    0.00   55.10
22:02:21      11  100.00    0.00    0.00    0.00    0.00    0.00    0.00    0.00    0.00    0.00
22:02:21      12   15.46    0.00    2.06    1.03    0.00    0.00    0.00    0.00    0.00   81.44
22:02:21      13   33.00    0.00    1.00    0.00    0.00    1.00    0.00    0.00    0.00   65.00
22:02:21      14    8.60    0.00    1.08    0.00    0.00    0.00    0.00    0.00    0.00   90.32
22:02:21      15   17.53    0.00    0.00    0.00    0.00    0.00    0.00    0.00    0.00   82.47

22:02:21     CPU    %usr   %nice    %sys %iowait    %irq   %soft  %steal  %guest  %gnice   %idle
22:02:22     all   26.30    0.00    1.41    0.39    0.00    0.19    0.00    0.00    0.00   71.70
22:02:22       0    9.38    0.00    2.08    0.00    0.00    1.04    0.00    0.00    0.00   87.50
22:02:22       1   40.40    0.00    0.00    0.00    0.00    0.00    0.00    0.00    0.00   59.60
22:02:22       2   43.16    0.00    2.11    2.11    0.00    0.00    0.00    0.00    0.00   52.63
22:02:22       3   22.22    0.00    0.00    0.00    0.00    0.00    0.00    0.00    0.00   77.78
22:02:22       4   25.00    0.00    2.00    0.00    0.00    0.00    0.00    0.00    0.00   73.00
22:02:22       5   22.45    0.00    1.02    1.02    0.00    0.00    0.00    0.00    0.00   75.51
22:02:22       6   29.17    0.00    3.12    1.04    0.00    0.00    0.00    0.00    0.00   66.67
22:02:22       7   14.00    0.00    2.00    1.00    0.00    1.00    0.00    0.00    0.00   82.00
22:02:22       8   10.10    0.00    2.02    0.00    0.00    1.01    0.00    0.00    0.00   86.87
22:02:22       9    4.12    0.00    0.00    0.00    0.00    0.00    0.00    0.00    0.00   95.88
22:02:22      10   17.20    0.00    0.00    0.00    0.00    0.00    0.00    0.00    0.00   82.80
22:02:22      11  100.00    0.00    0.00    0.00    0.00    0.00    0.00    0.00    0.00    0.00
22:02:22      12   17.20    0.00    1.08    0.00    0.00    0.00    0.00    0.00    0.00   81.72
22:02:22      13   31.18    0.00    3.23    1.08    0.00    0.00    0.00    0.00    0.00   64.52
22:02:22      14   13.00    0.00    4.00    0.00    0.00    0.00    0.00    0.00    0.00   83.00
22:02:22      15   20.62    0.00    0.00    0.00    0.00    0.00    0.00    0.00    0.00   79.38

22:02:22     CPU    %usr   %nice    %sys %iowait    %irq   %soft  %steal  %guest  %gnice   %idle
22:02:23     all   23.51    0.00    0.70    0.19    0.00    0.13    0.00    0.00    0.00   75.46
22:02:23       0   18.75    0.00    1.04    0.00    0.00    0.00    0.00    0.00    0.00   80.21
22:02:23       1    7.07    0.00    1.01    0.00    0.00    0.00    0.00    0.00    0.00   91.92
22:02:23       2   36.08    0.00    2.06    0.00    0.00    0.00    0.00    0.00    0.00   61.86
22:02:23       3    4.08    0.00    0.00    0.00    0.00    1.02    0.00    0.00    0.00   94.90
22:02:23       4   30.00    0.00    0.00    0.00    0.00    0.00    0.00    0.00    0.00   70.00
22:02:23       5   40.21    0.00    2.06    1.03    0.00    0.00    0.00    0.00    0.00   56.70
22:02:23       6   39.80    0.00    1.02    1.02    0.00    0.00    0.00    0.00    0.00   58.16
22:02:23       7   20.41    0.00    1.02    0.00    0.00    0.00    0.00    0.00    0.00   78.57
22:02:23       8    2.08    0.00    0.00    0.00    0.00    0.00    0.00    0.00    0.00   97.92
22:02:23       9    1.04    0.00    0.00    0.00    0.00    1.04    0.00    0.00    0.00   97.92
22:02:23      10    1.03    0.00    1.03    0.00    0.00    0.00    0.00    0.00    0.00   97.94
22:02:23      11  100.00    0.00    0.00    0.00    0.00    0.00    0.00    0.00    0.00    0.00
22:02:23      12   18.28    0.00    0.00    0.00    0.00    0.00    0.00    0.00    0.00   81.72
22:02:23      13    9.18    0.00    1.02    0.00    0.00    0.00    0.00    0.00    0.00   89.80
22:02:23      14   28.28    0.00    1.01    0.00    0.00    0.00    0.00    0.00    0.00   70.71
22:02:23      15   17.17    0.00    0.00    1.01    0.00    0.00    0.00    0.00    0.00   81.82

22:02:23     CPU    %usr   %nice    %sys %iowait    %irq   %soft  %steal  %guest  %gnice   %idle
22:02:24     all   29.62    0.00    1.27    0.45    0.00    0.19    0.00    0.00    0.00   68.47
22:02:24       0   13.27    0.00    1.02    1.02    0.00    0.00    0.00    0.00    0.00   84.69
22:02:24       1   52.83    0.00    2.83    0.94    0.00    0.00    0.00    0.00    0.00   43.40
22:02:24       2   23.30    0.00    0.97    0.97    0.00    0.97    0.00    0.00    0.00   73.79
22:02:24       3    3.03    0.00    0.00    0.00    0.00    0.00    0.00    0.00    0.00   96.97
22:02:24       4   40.21    0.00    1.03    1.03    0.00    0.00    0.00    0.00    0.00   57.73
22:02:24       5   29.17    0.00    0.00    0.00    0.00    2.08    0.00    0.00    0.00   68.75
22:02:24       6   55.91    0.00    4.30    1.08    0.00    0.00    0.00    0.00    0.00   38.71
22:02:24       7   41.58    0.00    1.98    0.00    0.00    0.00    0.00    0.00    0.00   56.44
22:02:24       8    6.12    0.00    0.00    0.00    0.00    0.00    0.00    0.00    0.00   93.88
22:02:24       9   26.80    0.00    0.00    0.00    0.00    0.00    0.00    0.00    0.00   73.20
22:02:24      10    7.84    0.00    4.90    0.98    0.00    0.00    0.00    0.00    0.00   86.27
22:02:24      11  100.00    0.00    0.00    0.00    0.00    0.00    0.00    0.00    0.00    0.00
22:02:24      12    5.15    0.00    1.03    0.00    0.00    0.00    0.00    0.00    0.00   93.81
22:02:24      13   36.46    0.00    0.00    1.04    0.00    0.00    0.00    0.00    0.00   62.50
22:02:24      14    0.00    0.00    1.06    0.00    0.00    0.00    0.00    0.00    0.00   98.94
22:02:24      15   30.21    0.00    1.04    0.00    0.00    0.00    0.00    0.00    0.00   68.75

22:02:24     CPU    %usr   %nice    %sys %iowait    %irq   %soft  %steal  %guest  %gnice   %idle
22:02:25     all   44.23    0.00    1.20    0.19    0.00    0.19    0.00    0.00    0.00   54.20
22:02:25       0   34.31    0.00    2.94    0.00    0.00    0.00    0.00    0.00    0.00   62.75
22:02:25       1   45.83    0.00    0.00    0.00    0.00    0.00    0.00    0.00    0.00   54.17
22:02:25       2   45.36    0.00    0.00    0.00    0.00    0.00    0.00    0.00    0.00   54.64
22:02:25       3   28.57    0.00    1.02    0.00    0.00    1.02    0.00    0.00    0.00   69.39
22:02:25       4   55.88    0.00    0.98    0.98    0.00    0.98    0.00    0.00    0.00   41.18
22:02:25       5   61.86    0.00    1.03    0.00    0.00    0.00    0.00    0.00    0.00   37.11
22:02:25       6   39.42    0.00    0.96    0.00    0.00    0.00    0.00    0.00    0.00   59.62
22:02:25       7   35.05    0.00    1.03    0.00    0.00    0.00    0.00    0.00    0.00   63.92
22:02:25       8   45.36    0.00    0.00    0.00    0.00    0.00    0.00    0.00    0.00   54.64
22:02:25       9   31.58    0.00    1.05    0.00    0.00    1.05    0.00    0.00    0.00   66.32
22:02:25      10   29.81    0.00    2.88    0.00    0.00    0.00    0.00    0.00    0.00   67.31
22:02:25      11  100.00    0.00    0.00    0.00    0.00    0.00    0.00    0.00    0.00    0.00
22:02:25      12   42.16    0.00    1.96    0.98    0.00    0.00    0.00    0.00    0.00   54.90
22:02:25      13   30.21    0.00    2.08    0.00    0.00    0.00    0.00    0.00    0.00   67.71
22:02:25      14   44.00    0.00    1.00    1.00    0.00    0.00    0.00    0.00    0.00   54.00
22:02:25      15   37.76    0.00    2.04    0.00    0.00    0.00    0.00    0.00    0.00   60.20

22:02:25     CPU    %usr   %nice    %sys %iowait    %irq   %soft  %steal  %guest  %gnice   %idle
22:02:26     all   31.26    0.00    1.22    0.32    0.00    0.26    0.00    0.00    0.00   66.94
22:02:26       0   26.37    0.00    0.00    0.00    0.00    0.00    0.00    0.00    0.00   73.63
22:02:26       1   25.77    0.00    0.00    0.00    0.00    0.00    0.00    0.00    0.00   74.23
22:02:26       2   27.37    0.00    1.05    0.00    0.00    0.00    0.00    0.00    0.00   71.58
22:02:26       3    8.25    0.00    1.03    0.00    0.00    0.00    0.00    0.00    0.00   90.72
22:02:26       4   28.00    0.00    3.00    0.00    0.00    0.00    0.00    0.00    0.00   69.00
22:02:26       5   54.64    0.00    0.00    1.03    0.00    0.00    0.00    0.00    0.00   44.33
22:02:26       6   17.35    0.00    2.04    0.00    0.00    0.00    0.00    0.00    0.00   80.61
22:02:26       7   26.32    0.00    0.00    1.05    0.00    0.00    0.00    0.00    0.00   72.63
22:02:26       8   62.11    0.00    2.11    1.05    0.00    0.00    0.00    0.00    0.00   34.74
22:02:26       9   26.73    0.00    0.99    0.99    0.00    0.99    0.00    0.00    0.00   70.30
22:02:26      10   12.37    0.00    1.03    0.00    0.00    1.03    0.00    0.00    0.00   85.57
22:02:26      11  100.00    0.00    0.00    0.00    0.00    0.00    0.00    0.00    0.00    0.00
22:02:26      12   13.54    0.00    2.08    0.00    0.00    1.04    0.00    0.00    0.00   83.33
22:02:26      13    5.26    0.00    0.00    0.00    0.00    0.00    0.00    0.00    0.00   94.74
22:02:26      14   19.19    0.00    1.01    0.00    0.00    0.00    0.00    0.00    0.00   79.80
22:02:26      15   43.81    0.00    4.76    0.95    0.00    0.95    0.00    0.00    0.00   49.52

22:02:26     CPU    %usr   %nice    %sys %iowait    %irq   %soft  %steal  %guest  %gnice   %idle
22:02:27     all   21.54    0.00    1.16    0.39    0.00    0.26    0.00    0.00    0.00   76.66
22:02:27       0   10.31    0.00    0.00    0.00    0.00    0.00    0.00    0.00    0.00   89.69
22:02:27       1   30.93    0.00    2.06    1.03    0.00    0.00    0.00    0.00    0.00   65.98
22:02:27       2   12.37    0.00    0.00    0.00    0.00    0.00    0.00    0.00    0.00   87.63
22:02:27       3   21.21    0.00    0.00    1.01    0.00    0.00    0.00    0.00    0.00   77.78
22:02:27       4   39.58    0.00    4.17    1.04    0.00    0.00    0.00    0.00    0.00   55.21
22:02:27       5   10.00    0.00    1.00    0.00    0.00    0.00    0.00    0.00    0.00   89.00
22:02:27       6   15.62    0.00    0.00    1.04    0.00    0.00    0.00    0.00    0.00   83.33
22:02:27       7   30.85    0.00    1.06    1.06    0.00    1.06    0.00    0.00    0.00   65.96
22:02:27       8    2.11    0.00    1.05    0.00    0.00    0.00    0.00    0.00    0.00   96.84
22:02:27       9   12.90    0.00    0.00    0.00    0.00    0.00    0.00    0.00    0.00   87.10
22:02:27      10    1.02    0.00    1.02    0.00    0.00    1.02    0.00    0.00    0.00   96.94
22:02:27      11  100.00    0.00    0.00    0.00    0.00    0.00    0.00    0.00    0.00    0.00
22:02:27      12    2.04    0.00    2.04    0.00    0.00    1.02    0.00    0.00    0.00   94.90
22:02:27      13   25.49    0.00    1.96    0.00    0.00    0.00    0.00    0.00    0.00   72.55
22:02:27      14    3.09    0.00    2.06    0.00    0.00    1.03    0.00    0.00    0.00   93.81
22:02:27      15   25.00    0.00    2.08    1.04    0.00    0.00    0.00    0.00    0.00   71.88

22:02:27     CPU    %usr   %nice    %sys %iowait    %irq   %soft  %steal  %guest  %gnice   %idle
22:02:28     all   22.12    0.00    1.02    0.13    0.00    0.19    0.00    0.00    0.00   76.55
22:02:28       0   31.37    0.00    1.96    0.00    0.00    0.00    0.00    0.00    0.00   66.67
22:02:28       1   30.61    0.00    0.00    1.02    0.00    0.00    0.00    0.00    0.00   68.37
22:02:28       2   11.34    0.00    2.06    0.00    0.00    0.00    0.00    0.00    0.00   86.60
22:02:28       3    1.02    0.00    0.00    0.00    0.00    0.00    0.00    0.00    0.00   98.98
22:02:28       4   18.56    0.00    2.06    0.00    0.00    0.00    0.00    0.00    0.00   79.38
22:02:28       5   11.34    0.00    1.03    0.00    0.00    0.00    0.00    0.00    0.00   87.63
22:02:28       6    1.01    0.00    2.02    0.00    0.00    1.01    0.00    0.00    0.00   95.96
22:02:28       7   17.17    0.00    2.02    0.00    0.00    1.01    0.00    0.00    0.00   79.80
22:02:28       8   45.26    0.00    1.05    0.00    0.00    0.00    0.00    0.00    0.00   53.68
22:02:28       9    5.15    0.00    0.00    0.00    0.00    0.00    0.00    0.00    0.00   94.85
22:02:28      10   14.00    0.00    3.00    0.00    0.00    0.00    0.00    0.00    0.00   83.00
22:02:28      11  100.00    0.00    0.00    0.00    0.00    0.00    0.00    0.00    0.00    0.00
22:02:28      12   35.35    0.00    0.00    1.01    0.00    0.00    0.00    0.00    0.00   63.64
22:02:28      13    8.25    0.00    1.03    0.00    0.00    0.00    0.00    0.00    0.00   90.72
22:02:28      14    5.21    0.00    0.00    0.00    0.00    0.00    0.00    0.00    0.00   94.79
22:02:28      15   16.33    0.00    0.00    0.00    0.00    1.02    0.00    0.00    0.00   82.65

22:02:28     CPU    %usr   %nice    %sys %iowait    %irq   %soft  %steal  %guest  %gnice   %idle
22:02:29     all   22.82    0.00    0.70    0.51    0.00    0.00    0.00    0.00    0.00   75.98
22:02:29       0   11.34    0.00    1.03    1.03    0.00    0.00    0.00    0.00    0.00   86.60
22:02:29       1    1.04    0.00    1.04    0.00    0.00    0.00    0.00    0.00    0.00   97.92
22:02:29       2   34.00    0.00    0.00    1.00    0.00    0.00    0.00    0.00    0.00   65.00
22:02:29       3    1.00    0.00    0.00    0.00    0.00    0.00    0.00    0.00    0.00   99.00
22:02:29       4   23.23    0.00    2.02    1.01    0.00    0.00    0.00    0.00    0.00   73.74
22:02:29       5   16.49    0.00    0.00    1.03    0.00    0.00    0.00    0.00    0.00   82.47
22:02:29       6    3.03    0.00    2.02    0.00    0.00    0.00    0.00    0.00    0.00   94.95
22:02:29       7    7.00    0.00    2.00    0.00    0.00    0.00    0.00    0.00    0.00   91.00
22:02:29       8   11.11    0.00    0.00    0.00    0.00    0.00    0.00    0.00    0.00   88.89
22:02:29       9    8.16    0.00    1.02    0.00    0.00    0.00    0.00    0.00    0.00   90.82
22:02:29      10   50.00    0.00    0.98    0.98    0.00    0.00    0.00    0.00    0.00   48.04
22:02:29      11  100.00    0.00    0.00    0.00    0.00    0.00    0.00    0.00    0.00    0.00
22:02:29      12   35.29    0.00    0.00    0.98    0.00    0.00    0.00    0.00    0.00   63.73
22:02:29      13   28.43    0.00    0.98    0.98    0.00    0.00    0.00    0.00    0.00   69.61
22:02:29      14   13.68    0.00    0.00    0.00    0.00    0.00    0.00    0.00    0.00   86.32
22:02:29      15   17.71    0.00    0.00    1.04    0.00    0.00    0.00    0.00    0.00   81.25

22:02:29     CPU    %usr   %nice    %sys %iowait    %irq   %soft  %steal  %guest  %gnice   %idle
22:02:30     all   25.99    0.00    0.26    0.06    0.00    0.32    0.00    0.00    0.00   73.37
22:02:30       0   34.69    0.00    1.02    0.00    0.00    0.00    0.00    0.00    0.00   64.29
22:02:30       1   38.54    0.00    1.04    0.00    0.00    0.00    0.00    0.00    0.00   60.42
22:02:30       2   25.51    0.00    0.00    0.00    0.00    0.00    0.00    0.00    0.00   74.49
22:02:30       3   28.57    0.00    1.02    0.00    0.00    0.00    0.00    0.00    0.00   70.41
22:02:30       4   13.54    0.00    0.00    0.00    0.00    0.00    0.00    0.00    0.00   86.46
22:02:30       5   14.74    0.00    0.00    0.00    0.00    0.00    0.00    0.00    0.00   85.26
22:02:30       6   20.62    0.00    0.00    0.00    0.00    1.03    0.00    0.00    0.00   78.35
22:02:30       7   13.13    0.00    1.01    0.00    0.00    1.01    0.00    0.00    0.00   84.85
22:02:30       8   29.59    0.00    0.00    0.00    0.00    1.02    0.00    0.00    0.00   69.39
22:02:30       9   13.27    0.00    0.00    0.00    0.00    0.00    0.00    0.00    0.00   86.73
22:02:30      10    0.00    0.00    0.00    0.00    0.00    0.00    0.00    0.00    0.00  100.00
22:02:30      11  100.00    0.00    0.00    0.00    0.00    0.00    0.00    0.00    0.00    0.00
22:02:30      12    1.03    0.00    0.00    0.00    0.00    1.03    0.00    0.00    0.00   97.94
22:02:30      13   12.12    0.00    0.00    0.00    0.00    1.01    0.00    0.00    0.00   86.87
22:02:30      14   43.30    0.00    0.00    1.03    0.00    0.00    0.00    0.00    0.00   55.67
22:02:30      15   25.00    0.00    0.00    0.00    0.00    0.00    0.00    0.00    0.00   75.00

22:02:30     CPU    %usr   %nice    %sys %iowait    %irq   %soft  %steal  %guest  %gnice   %idle
22:02:31     all   22.37    0.00    0.44    0.44    0.00    0.06    0.00    0.00    0.00   76.68
22:02:31       0   28.57    0.00    0.00    0.00    0.00    0.00    0.00    0.00    0.00   71.43
22:02:31       1   29.70    0.00    0.00    0.99    0.00    0.99    0.00    0.00    0.00   68.32
22:02:31       2   22.45    0.00    0.00    1.02    0.00    0.00    0.00    0.00    0.00   76.53
22:02:31       3    0.00    0.00    0.00    0.00    0.00    0.00    0.00    0.00    0.00  100.00
22:02:31       4   28.28    0.00    1.01    1.01    0.00    0.00    0.00    0.00    0.00   69.70
22:02:31       5    6.06    0.00    2.02    0.00    0.00    0.00    0.00    0.00    0.00   91.92
22:02:31       6   18.18    0.00    0.00    0.00    0.00    0.00    0.00    0.00    0.00   81.82
22:02:31       7   25.74    0.00    0.00    0.99    0.00    0.00    0.00    0.00    0.00   73.27
22:02:31       8    6.12    0.00    1.02    0.00    0.00    0.00    0.00    0.00    0.00   92.86
22:02:31       9   15.31    0.00    1.02    1.02    0.00    0.00    0.00    0.00    0.00   82.65
22:02:31      10    9.18    0.00    1.02    0.00    0.00    0.00    0.00    0.00    0.00   89.80
22:02:31      11  100.00    0.00    0.00    0.00    0.00    0.00    0.00    0.00    0.00    0.00
22:02:31      12    6.25    0.00    0.00    0.00    0.00    0.00    0.00    0.00    0.00   93.75
22:02:31      13   22.22    0.00    1.01    1.01    0.00    0.00    0.00    0.00    0.00   75.76
22:02:31      14   18.00    0.00    0.00    1.00    0.00    0.00    0.00    0.00    0.00   81.00
22:02:31      15   19.79    0.00    0.00    0.00    0.00    0.00    0.00    0.00    0.00   80.21
