Linux 7.0.0-1006-aws (ip-172-31-28-187) 	06/20/26 	_x86_64_	(16 CPU)

21:44:42     CPU    %usr   %nice    %sys %iowait    %irq   %soft  %steal  %guest  %gnice   %idle
21:44:43     all   44.73    0.00    4.76    0.19    0.00    0.13    0.00    0.00    0.00   50.19
21:44:43       0   41.84    0.00    3.06    1.02    0.00    0.00    0.00    0.00    0.00   54.08
21:44:43       1   41.00    0.00    3.00    1.00    0.00    0.00    0.00    0.00    0.00   55.00
21:44:43       2   42.42    0.00    2.02    0.00    0.00    0.00    0.00    0.00    0.00   55.56
21:44:43       3   46.46    0.00    2.02    0.00    0.00    0.00    0.00    0.00    0.00   51.52
21:44:43       4   43.43    0.00    4.04    0.00    0.00    0.00    0.00    0.00    0.00   52.53
21:44:43       5   48.98    0.00    4.08    0.00    0.00    0.00    0.00    0.00    0.00   46.94
21:44:43       6   60.20    0.00   16.33    1.02    0.00    0.00    0.00    0.00    0.00   22.45
21:44:43       7   44.33    0.00    3.09    0.00    0.00    0.00    0.00    0.00    0.00   52.58
21:44:43       8   45.00    0.00    4.00    0.00    0.00    0.00    0.00    0.00    0.00   51.00
21:44:43       9   42.86    0.00    3.06    0.00    0.00    1.02    0.00    0.00    0.00   53.06
21:44:43      10   43.30    0.00    6.19    0.00    0.00    0.00    0.00    0.00    0.00   50.52
21:44:43      11   40.21    0.00    2.06    0.00    0.00    0.00    0.00    0.00    0.00   57.73
21:44:43      12   39.18    0.00    3.09    0.00    0.00    0.00    0.00    0.00    0.00   57.73
21:44:43      13   42.86    0.00    2.04    0.00    0.00    1.02    0.00    0.00    0.00   54.08
21:44:43      14   47.47    0.00   14.14    0.00    0.00    0.00    0.00    0.00    0.00   38.38
21:44:43      15   46.00    0.00    4.00    0.00    0.00    0.00    0.00    0.00    0.00   50.00

21:44:43     CPU    %usr   %nice    %sys %iowait    %irq   %soft  %steal  %guest  %gnice   %idle
21:44:44     all   48.07    0.00    2.80    0.53    0.00    0.20    0.00    0.00    0.00   48.40
21:44:44       0   39.13    0.00    5.43    0.00    0.00    0.00    0.00    0.00    0.00   55.43
21:44:44       1   43.48    0.00    3.26    0.00    0.00    0.00    0.00    0.00    0.00   53.26
21:44:44       2   40.43    0.00    3.19    1.06    0.00    0.00    0.00    0.00    0.00   55.32
21:44:44       3   54.26    0.00    2.13    1.06    0.00    1.06    0.00    0.00    0.00   41.49
21:44:44       4   43.01    0.00    3.23    1.08    0.00    0.00    0.00    0.00    0.00   52.69
21:44:44       5   94.95    0.00    0.00    0.00    0.00    0.00    0.00    0.00    0.00    5.05
21:44:44       6   35.87    0.00    3.26    0.00    0.00    1.09    0.00    0.00    0.00   59.78
21:44:44       7   43.16    0.00    3.16    0.00    0.00    0.00    0.00    0.00    0.00   53.68
21:44:44       8   43.33    0.00    2.22    0.00    0.00    0.00    0.00    0.00    0.00   54.44
21:44:44       9   42.11    0.00    3.16    1.05    0.00    0.00    0.00    0.00    0.00   53.68
21:44:44      10   67.71    0.00    2.08    0.00    0.00    0.00    0.00    0.00    0.00   30.21
21:44:44      11   50.00    0.00    3.19    0.00    0.00    0.00    0.00    0.00    0.00   46.81
21:44:44      12   34.41    0.00    3.23    1.08    0.00    0.00    0.00    0.00    0.00   61.29
21:44:44      13   54.17    0.00    2.08    1.04    0.00    0.00    0.00    0.00    0.00   42.71
21:44:44      14   41.94    0.00    3.23    1.08    0.00    1.08    0.00    0.00    0.00   52.69
21:44:44      15   36.96    0.00    2.17    1.09    0.00    0.00    0.00    0.00    0.00   59.78

21:44:44     CPU    %usr   %nice    %sys %iowait    %irq   %soft  %steal  %guest  %gnice   %idle
21:44:45     all   38.42    0.00    1.54    0.54    0.00    0.13    0.00    0.00    0.00   59.37
21:44:45       0   42.11    0.00    0.00    1.05    0.00    1.05    0.00    0.00    0.00   55.79
21:44:45       1   76.77    0.00    1.01    0.00    0.00    0.00    0.00    0.00    0.00   22.22
21:44:45       2   29.35    0.00    2.17    0.00    0.00    0.00    0.00    0.00    0.00   68.48
21:44:45       3   40.86    0.00    1.08    0.00    0.00    0.00    0.00    0.00    0.00   58.06
21:44:45       4   53.68    0.00    1.05    0.00    0.00    0.00    0.00    0.00    0.00   45.26
21:44:45       5   46.24    0.00    1.08    0.00    0.00    0.00    0.00    0.00    0.00   52.69
21:44:45       6   35.48    0.00    2.15    1.08    0.00    0.00    0.00    0.00    0.00   61.29
21:44:45       7   27.17    0.00    1.09    1.09    0.00    0.00    0.00    0.00    0.00   70.65
21:44:45       8   28.12    0.00    3.12    1.04    0.00    1.04    0.00    0.00    0.00   66.67
21:44:45       9   33.33    0.00    1.11    1.11    0.00    0.00    0.00    0.00    0.00   64.44
21:44:45      10   34.04    0.00    2.13    1.06    0.00    0.00    0.00    0.00    0.00   62.77
21:44:45      11   32.98    0.00    2.13    1.06    0.00    0.00    0.00    0.00    0.00   63.83
21:44:45      12   47.37    0.00    1.05    1.05    0.00    0.00    0.00    0.00    0.00   50.53
21:44:45      13   25.56    0.00    1.11    0.00    0.00    0.00    0.00    0.00    0.00   73.33
21:44:45      14   27.17    0.00    2.17    0.00    0.00    0.00    0.00    0.00    0.00   70.65
21:44:45      15   30.77    0.00    2.20    0.00    0.00    0.00    0.00    0.00    0.00   67.03

21:44:45     CPU    %usr   %nice    %sys %iowait    %irq   %soft  %steal  %guest  %gnice   %idle
21:44:46     all   40.75    0.00    2.44    0.92    0.00    0.20    0.00    0.00    0.00   55.69
21:44:46       0   49.47    0.00    3.16    1.05    0.00    0.00    0.00    0.00    0.00   46.32
21:44:46       1   23.91    0.00    3.26    1.09    0.00    0.00    0.00    0.00    0.00   71.74
21:44:46       2   38.30    0.00    2.13    1.06    0.00    0.00    0.00    0.00    0.00   58.51
21:44:46       3   57.89    0.00    1.05    1.05    0.00    0.00    0.00    0.00    0.00   40.00
21:44:46       4   63.27    0.00    2.04    1.02    0.00    0.00    0.00    0.00    0.00   33.67
21:44:46       5   40.00    0.00    3.16    1.05    0.00    1.05    0.00    0.00    0.00   54.74
21:44:46       6   36.84    0.00    2.11    1.05    0.00    0.00    0.00    0.00    0.00   60.00
21:44:46       7   61.86    0.00    2.06    1.03    0.00    0.00    0.00    0.00    0.00   35.05
21:44:46       8   25.26    0.00    4.21    1.05    0.00    0.00    0.00    0.00    0.00   69.47
21:44:46       9   36.17    0.00    2.13    0.00    0.00    0.00    0.00    0.00    0.00   61.70
21:44:46      10   34.38    0.00    2.08    1.04    0.00    1.04    0.00    0.00    0.00   61.46
21:44:46      11   45.36    0.00    2.06    1.03    0.00    1.03    0.00    0.00    0.00   50.52
21:44:46      12   30.85    0.00    3.19    0.00    0.00    0.00    0.00    0.00    0.00   65.96
21:44:46      13   46.32    0.00    2.11    1.05    0.00    0.00    0.00    0.00    0.00   50.53
21:44:46      14   26.88    0.00    2.15    1.08    0.00    0.00    0.00    0.00    0.00   69.89
21:44:46      15   32.98    0.00    2.13    1.06    0.00    0.00    0.00    0.00    0.00   63.83

21:44:46     CPU    %usr   %nice    %sys %iowait    %irq   %soft  %steal  %guest  %gnice   %idle
21:44:47     all   36.62    0.00    2.24    0.59    0.00    0.13    0.00    0.00    0.00   60.42
21:44:47       0   46.81    0.00    1.06    0.00    0.00    0.00    0.00    0.00    0.00   52.13
21:44:47       1   37.63    0.00    1.08    1.08    0.00    0.00    0.00    0.00    0.00   60.22
21:44:47       2   27.08    0.00    3.12    1.04    0.00    1.04    0.00    0.00    0.00   67.71
21:44:47       3   25.26    0.00    3.16    0.00    0.00    1.05    0.00    0.00    0.00   70.53
21:44:47       4   70.10    0.00    1.03    0.00    0.00    0.00    0.00    0.00    0.00   28.87
21:44:47       5   34.74    0.00    3.16    1.05    0.00    0.00    0.00    0.00    0.00   61.05
21:44:47       6   26.32    0.00    2.11    1.05    0.00    0.00    0.00    0.00    0.00   70.53
21:44:47       7   28.72    0.00    3.19    0.00    0.00    0.00    0.00    0.00    0.00   68.09
21:44:47       8   30.53    0.00    2.11    0.00    0.00    0.00    0.00    0.00    0.00   67.37
21:44:47       9   36.17    0.00    2.13    1.06    0.00    0.00    0.00    0.00    0.00   60.64
21:44:47      10   29.47    0.00    2.11    0.00    0.00    0.00    0.00    0.00    0.00   68.42
21:44:47      11   30.11    0.00    2.15    0.00    0.00    0.00    0.00    0.00    0.00   67.74
21:44:47      12   30.93    0.00    3.09    2.06    0.00    0.00    0.00    0.00    0.00   63.92
21:44:47      13   53.61    0.00    2.06    0.00    0.00    0.00    0.00    0.00    0.00   44.33
21:44:47      14   51.04    0.00    1.04    1.04    0.00    0.00    0.00    0.00    0.00   46.88
21:44:47      15   26.32    0.00    3.16    1.05    0.00    0.00    0.00    0.00    0.00   69.47

21:44:47     CPU    %usr   %nice    %sys %iowait    %irq   %soft  %steal  %guest  %gnice   %idle
21:44:48     all   28.01    0.00    1.69    0.72    0.00    0.26    0.00    0.00    0.00   69.32
21:44:48       0   29.47    0.00    2.11    0.00    0.00    0.00    0.00    0.00    0.00   68.42
21:44:48       1   22.92    0.00    2.08    1.04    0.00    1.04    0.00    0.00    0.00   72.92
21:44:48       2   89.90    0.00    0.00    0.00    0.00    0.00    0.00    0.00    0.00   10.10
21:44:48       3    7.37    0.00    1.05    1.05    0.00    0.00    0.00    0.00    0.00   90.53
21:44:48       4   37.11    0.00    2.06    1.03    0.00    1.03    0.00    0.00    0.00   58.76
21:44:48       5   18.48    0.00    1.09    1.09    0.00    0.00    0.00    0.00    0.00   79.35
21:44:48       6   27.96    0.00    1.08    0.00    0.00    0.00    0.00    0.00    0.00   70.97
21:44:48       7   29.90    0.00    1.03    1.03    0.00    0.00    0.00    0.00    0.00   68.04
21:44:48       8   31.63    0.00    2.04    1.02    0.00    0.00    0.00    0.00    0.00   65.31
21:44:48       9   33.33    0.00    1.04    1.04    0.00    0.00    0.00    0.00    0.00   64.58
21:44:48      10    7.29    0.00    2.08    1.04    0.00    0.00    0.00    0.00    0.00   89.58
21:44:48      11   17.89    0.00    2.11    1.05    0.00    0.00    0.00    0.00    0.00   78.95
21:44:48      12    8.51    0.00    2.13    0.00    0.00    0.00    0.00    0.00    0.00   89.36
21:44:48      13   18.75    0.00    2.08    1.04    0.00    1.04    0.00    0.00    0.00   77.08
21:44:48      14   43.88    0.00    3.06    1.02    0.00    0.00    0.00    0.00    0.00   52.04
21:44:48      15   20.41    0.00    2.04    0.00    0.00    1.02    0.00    0.00    0.00   76.53

21:44:48     CPU    %usr   %nice    %sys %iowait    %irq   %soft  %steal  %guest  %gnice   %idle
21:44:49     all   26.75    0.00    1.83    1.05    0.00    0.13    0.00    0.00    0.00   70.24
21:44:49       0   20.21    0.00    1.06    2.13    0.00    0.00    0.00    0.00    0.00   76.60
21:44:49       1   36.08    0.00    2.06    0.00    0.00    0.00    0.00    0.00    0.00   61.86
21:44:49       2   52.04    0.00    2.04    1.02    0.00    0.00    0.00    0.00    0.00   44.90
21:44:49       3   47.92    0.00    1.04    0.00    0.00    0.00    0.00    0.00    0.00   51.04
21:44:49       4   32.98    0.00    1.06    1.06    0.00    0.00    0.00    0.00    0.00   64.89
21:44:49       5   21.88    0.00    3.12    1.04    0.00    0.00    0.00    0.00    0.00   73.96
21:44:49       6   22.68    0.00    2.06    1.03    0.00    0.00    0.00    0.00    0.00   74.23
21:44:49       7   25.26    0.00    1.05    1.05    0.00    1.05    0.00    0.00    0.00   71.58
21:44:49       8   14.74    0.00    1.05    1.05    0.00    1.05    0.00    0.00    0.00   82.11
21:44:49       9   37.89    0.00    2.11    1.05    0.00    0.00    0.00    0.00    0.00   58.95
21:44:49      10   15.79    0.00    3.16    1.05    0.00    0.00    0.00    0.00    0.00   80.00
21:44:49      11   26.04    0.00    2.08    2.08    0.00    0.00    0.00    0.00    0.00   69.79
21:44:49      12   31.63    0.00    2.04    1.02    0.00    0.00    0.00    0.00    0.00   65.31
21:44:49      13   13.68    0.00    2.11    1.05    0.00    0.00    0.00    0.00    0.00   83.16
21:44:49      14   16.84    0.00    2.11    1.05    0.00    0.00    0.00    0.00    0.00   80.00
21:44:49      15   10.75    0.00    1.08    1.08    0.00    0.00    0.00    0.00    0.00   87.10

21:44:49     CPU    %usr   %nice    %sys %iowait    %irq   %soft  %steal  %guest  %gnice   %idle
21:44:50     all   27.42    0.00    1.50    0.52    0.00    0.26    0.00    0.00    0.00   70.30
21:44:50       0   25.26    0.00    1.05    0.00    0.00    0.00    0.00    0.00    0.00   73.68
21:44:50       1   20.00    0.00    1.05    1.05    0.00    0.00    0.00    0.00    0.00   77.89
21:44:50       2   74.49    0.00    1.02    0.00    0.00    0.00    0.00    0.00    0.00   24.49
21:44:50       3   30.30    0.00    2.02    1.01    0.00    0.00    0.00    0.00    0.00   66.67
21:44:50       4   18.09    0.00    2.13    0.00    0.00    0.00    0.00    0.00    0.00   79.79
21:44:50       5   28.87    0.00    1.03    1.03    0.00    0.00    0.00    0.00    0.00   69.07
21:44:50       6   41.41    0.00    2.02    1.01    0.00    1.01    0.00    0.00    0.00   54.55
21:44:50       7   42.71    0.00    3.12    1.04    0.00    0.00    0.00    0.00    0.00   53.12
21:44:50       8   10.87    0.00    1.09    0.00    0.00    0.00    0.00    0.00    0.00   88.04
21:44:50       9    5.21    0.00    2.08    1.04    0.00    1.04    0.00    0.00    0.00   90.62
21:44:50      10   11.46    0.00    1.04    0.00    0.00    1.04    0.00    0.00    0.00   86.46
21:44:50      11    9.68    0.00    1.08    0.00    0.00    0.00    0.00    0.00    0.00   89.25
21:44:50      12   30.53    0.00    1.05    1.05    0.00    0.00    0.00    0.00    0.00   67.37
21:44:50      13   29.47    0.00    1.05    0.00    0.00    0.00    0.00    0.00    0.00   69.47
21:44:50      14   23.96    0.00    2.08    0.00    0.00    1.04    0.00    0.00    0.00   72.92
21:44:50      15   33.33    0.00    1.04    1.04    0.00    0.00    0.00    0.00    0.00   64.58

21:44:50     CPU    %usr   %nice    %sys %iowait    %irq   %soft  %steal  %guest  %gnice   %idle
21:44:51     all   36.19    0.00    1.83    0.79    0.00    0.13    0.00    0.00    0.00   61.06
21:44:51       0   32.98    0.00    3.19    1.06    0.00    0.00    0.00    0.00    0.00   62.77
21:44:51       1   36.46    0.00    1.04    1.04    0.00    0.00    0.00    0.00    0.00   61.46
21:44:51       2   41.05    0.00    1.05    0.00    0.00    0.00    0.00    0.00    0.00   57.89
21:44:51       3   24.47    0.00    2.13    1.06    0.00    0.00    0.00    0.00    0.00   72.34
21:44:51       4   81.00    0.00    0.00    1.00    0.00    0.00    0.00    0.00    0.00   18.00
21:44:51       5   25.53    0.00    2.13    0.00    0.00    1.06    0.00    0.00    0.00   71.28
21:44:51       6   25.53    0.00    1.06    1.06    0.00    0.00    0.00    0.00    0.00   72.34
21:44:51       7   47.92    0.00    2.08    1.04    0.00    0.00    0.00    0.00    0.00   48.96
21:44:51       8   41.84    0.00    3.06    1.02    0.00    0.00    0.00    0.00    0.00   54.08
21:44:51       9   18.28    0.00    1.08    1.08    0.00    0.00    0.00    0.00    0.00   79.57
21:44:51      10   32.98    0.00    2.13    1.06    0.00    0.00    0.00    0.00    0.00   63.83
21:44:51      11   47.96    0.00    2.04    1.02    0.00    0.00    0.00    0.00    0.00   48.98
21:44:51      12    4.30    0.00    2.15    0.00    0.00    1.08    0.00    0.00    0.00   92.47
21:44:51      13   41.84    0.00    1.02    1.02    0.00    0.00    0.00    0.00    0.00   56.12
21:44:51      14   39.58    0.00    2.08    1.04    0.00    0.00    0.00    0.00    0.00   57.29
21:44:51      15   32.63    0.00    3.16    0.00    0.00    0.00    0.00    0.00    0.00   64.21

21:44:51     CPU    %usr   %nice    %sys %iowait    %irq   %soft  %steal  %guest  %gnice   %idle
21:44:52     all   27.84    0.00    2.02    0.72    0.00    0.00    0.00    0.00    0.00   69.43
21:44:52       0   18.75    0.00    2.08    1.04    0.00    0.00    0.00    0.00    0.00   78.12
21:44:52       1   51.04    0.00    1.04    0.00    0.00    0.00    0.00    0.00    0.00   47.92
21:44:52       2   20.00    0.00    2.11    1.05    0.00    0.00    0.00    0.00    0.00   76.84
21:44:52       3   16.67    0.00    3.12    1.04    0.00    0.00    0.00    0.00    0.00   79.17
21:44:52       4   45.92    0.00    2.04    0.00    0.00    0.00    0.00    0.00    0.00   52.04
21:44:52       5   51.55    0.00    1.03    1.03    0.00    0.00    0.00    0.00    0.00   46.39
21:44:52       6   27.37    0.00    2.11    0.00    0.00    0.00    0.00    0.00    0.00   70.53
21:44:52       7   29.17    0.00    2.08    0.00    0.00    0.00    0.00    0.00    0.00   68.75
21:44:52       8   19.79    0.00    2.08    1.04    0.00    0.00    0.00    0.00    0.00   77.08
21:44:52       9    7.37    0.00    2.11    1.05    0.00    0.00    0.00    0.00    0.00   89.47
21:44:52      10   18.56    0.00    1.03    1.03    0.00    0.00    0.00    0.00    0.00   79.38
21:44:52      11   28.72    0.00    3.19    1.06    0.00    0.00    0.00    0.00    0.00   67.02
21:44:52      12   10.53    0.00    2.11    0.00    0.00    0.00    0.00    0.00    0.00   87.37
21:44:52      13   38.14    0.00    2.06    1.03    0.00    0.00    0.00    0.00    0.00   58.76
21:44:52      14   32.29    0.00    2.08    1.04    0.00    0.00    0.00    0.00    0.00   64.58
21:44:52      15   28.42    0.00    2.11    1.05    0.00    0.00    0.00    0.00    0.00   68.42

21:44:52     CPU    %usr   %nice    %sys %iowait    %irq   %soft  %steal  %guest  %gnice   %idle
21:44:53     all   28.36    0.00    1.63    0.72    0.00    0.13    0.00    0.00    0.00   69.17
21:44:53       0   49.48    0.00    2.06    1.03    0.00    0.00    0.00    0.00    0.00   47.42
21:44:53       1   94.06    0.00    0.99    0.00    0.00    0.00    0.00    0.00    0.00    4.95
21:44:53       2   22.11    0.00    1.05    1.05    0.00    0.00    0.00    0.00    0.00   75.79
21:44:53       3    9.68    0.00    1.08    1.08    0.00    0.00    0.00    0.00    0.00   88.17
21:44:53       4   30.85    0.00    1.06    0.00    0.00    0.00    0.00    0.00    0.00   68.09
21:44:53       5   17.89    0.00    1.05    0.00    0.00    0.00    0.00    0.00    0.00   81.05
21:44:53       6   11.58    0.00    2.11    1.05    0.00    0.00    0.00    0.00    0.00   85.26
21:44:53       7   16.84    0.00    1.05    1.05    0.00    0.00    0.00    0.00    0.00   81.05
21:44:53       8   27.08    0.00    2.08    1.04    0.00    0.00    0.00    0.00    0.00   69.79
21:44:53       9   12.37    0.00    1.03    1.03    0.00    1.03    0.00    0.00    0.00   84.54
21:44:53      10   26.32    0.00    2.11    0.00    0.00    0.00    0.00    0.00    0.00   71.58
21:44:53      11   18.95    0.00    1.05    0.00    0.00    0.00    0.00    0.00    0.00   80.00
21:44:53      12   32.29    0.00    2.08    1.04    0.00    0.00    0.00    0.00    0.00   64.58
21:44:53      13   21.65    0.00    3.09    1.03    0.00    1.03    0.00    0.00    0.00   73.20
21:44:53      14   26.04    0.00    2.08    0.00    0.00    0.00    0.00    0.00    0.00   71.88
21:44:53      15   31.96    0.00    2.06    2.06    0.00    0.00    0.00    0.00    0.00   63.92

21:44:53     CPU    %usr   %nice    %sys %iowait    %irq   %soft  %steal  %guest  %gnice   %idle
21:44:54     all   25.72    0.00    1.37    0.78    0.00    0.13    0.00    0.00    0.00   72.00
21:44:54       0   23.66    0.00    0.00    1.08    0.00    1.08    0.00    0.00    0.00   74.19
21:44:54       1   25.00    0.00    1.04    1.04    0.00    0.00    0.00    0.00    0.00   72.92
21:44:54       2   14.89    0.00    1.06    1.06    0.00    0.00    0.00    0.00    0.00   82.98
21:44:54       3   23.96    0.00    1.04    1.04    0.00    0.00    0.00    0.00    0.00   73.96
21:44:54       4   51.52    0.00    2.02    1.01    0.00    0.00    0.00    0.00    0.00   45.45
21:44:54       5   40.62    0.00    1.04    1.04    0.00    0.00    0.00    0.00    0.00   57.29
21:44:54       6   56.70    0.00    1.03    0.00    0.00    0.00    0.00    0.00    0.00   42.27
21:44:54       7   24.74    0.00    2.06    1.03    0.00    0.00    0.00    0.00    0.00   72.16
21:44:54       8   21.05    0.00    1.05    0.00    0.00    0.00    0.00    0.00    0.00   77.89
21:44:54       9   16.67    0.00    1.04    0.00    0.00    0.00    0.00    0.00    0.00   82.29
21:44:54      10   10.53    0.00    2.11    1.05    0.00    0.00    0.00    0.00    0.00   86.32
21:44:54      11   17.89    0.00    2.11    1.05    0.00    0.00    0.00    0.00    0.00   78.95
21:44:54      12   32.99    0.00    2.06    1.03    0.00    0.00    0.00    0.00    0.00   63.92
21:44:54      13    5.26    0.00    1.05    0.00    0.00    0.00    0.00    0.00    0.00   93.68
21:44:54      14   11.34    0.00    2.06    1.03    0.00    1.03    0.00    0.00    0.00   84.54
21:44:54      15   32.98    0.00    1.06    1.06    0.00    0.00    0.00    0.00    0.00   64.89

21:44:54     CPU    %usr   %nice    %sys %iowait    %irq   %soft  %steal  %guest  %gnice   %idle
21:44:55     all   26.97    0.00    1.30    0.91    0.00    0.26    0.00    0.00    0.00   70.55
21:44:55       0   25.77    0.00    2.06    0.00    0.00    0.00    0.00    0.00    0.00   72.16
21:44:55       1    8.33    0.00    1.04    1.04    0.00    1.04    0.00    0.00    0.00   88.54
21:44:55       2   83.67    0.00    0.00    0.00    0.00    0.00    0.00    0.00    0.00   16.33
21:44:55       3   20.83    0.00    2.08    0.00    0.00    0.00    0.00    0.00    0.00   77.08
21:44:55       4   30.21    0.00    2.08    1.04    0.00    1.04    0.00    0.00    0.00   65.62
21:44:55       5   46.88    0.00    1.04    2.08    0.00    0.00    0.00    0.00    0.00   50.00
21:44:55       6   31.58    0.00    1.05    1.05    0.00    0.00    0.00    0.00    0.00   66.32
21:44:55       7   35.71    0.00    1.02    1.02    0.00    1.02    0.00    0.00    0.00   61.22
21:44:55       8   18.75    0.00    2.08    1.04    0.00    0.00    0.00    0.00    0.00   78.12
21:44:55       9    9.38    0.00    2.08    1.04    0.00    0.00    0.00    0.00    0.00   87.50
21:44:55      10    2.11    0.00    1.05    1.05    0.00    0.00    0.00    0.00    0.00   95.79
21:44:55      11   24.74    0.00    1.03    1.03    0.00    1.03    0.00    0.00    0.00   72.16
21:44:55      12    4.30    0.00    1.08    0.00    0.00    0.00    0.00    0.00    0.00   94.62
21:44:55      13   15.96    0.00    1.06    1.06    0.00    0.00    0.00    0.00    0.00   81.91
21:44:55      14   22.11    0.00    1.05    2.11    0.00    0.00    0.00    0.00    0.00   74.74
21:44:55      15   48.45    0.00    1.03    1.03    0.00    0.00    0.00    0.00    0.00   49.48

21:44:55     CPU    %usr   %nice    %sys %iowait    %irq   %soft  %steal  %guest  %gnice   %idle
21:44:56     all   21.50    0.00    0.91    0.59    0.00    0.13    0.00    0.00    0.00   76.87
21:44:56       0    6.38    0.00    0.00    1.06    0.00    0.00    0.00    0.00    0.00   92.55
21:44:56       1   30.93    0.00    2.06    0.00    0.00    0.00    0.00    0.00    0.00   67.01
21:44:56       2   80.81    0.00    0.00    0.00    0.00    0.00    0.00    0.00    0.00   19.19
21:44:56       3   41.24    0.00    0.00    1.03    0.00    0.00    0.00    0.00    0.00   57.73
21:44:56       4    5.38    0.00    0.00    1.08    0.00    0.00    0.00    0.00    0.00   93.55
21:44:56       5   10.31    0.00    2.06    0.00    0.00    1.03    0.00    0.00    0.00   86.60
21:44:56       6   24.74    0.00    1.03    1.03    0.00    0.00    0.00    0.00    0.00   73.20
21:44:56       7   18.56    0.00    1.03    1.03    0.00    0.00    0.00    0.00    0.00   79.38
21:44:56       8   18.75    0.00    1.04    1.04    0.00    0.00    0.00    0.00    0.00   79.17
21:44:56       9   25.53    0.00    1.06    0.00    0.00    0.00    0.00    0.00    0.00   73.40
21:44:56      10   11.46    0.00    1.04    1.04    0.00    0.00    0.00    0.00    0.00   86.46
21:44:56      11    4.17    0.00    1.04    1.04    0.00    0.00    0.00    0.00    0.00   93.75
21:44:56      12   11.46    0.00    1.04    1.04    0.00    1.04    0.00    0.00    0.00   85.42
21:44:56      13    5.26    0.00    1.05    0.00    0.00    0.00    0.00    0.00    0.00   93.68
21:44:56      14   25.26    0.00    1.05    0.00    0.00    0.00    0.00    0.00    0.00   73.68
21:44:56      15   20.83    0.00    1.04    0.00    0.00    0.00    0.00    0.00    0.00   78.12

21:44:56     CPU    %usr   %nice    %sys %iowait    %irq   %soft  %steal  %guest  %gnice   %idle
21:44:57     all   27.27    0.00    1.63    1.04    0.00    0.13    0.00    0.00    0.00   69.93
21:44:57       0   18.09    0.00    2.13    1.06    0.00    0.00    0.00    0.00    0.00   78.72
21:44:57       1   25.00    0.00    2.08    2.08    0.00    0.00    0.00    0.00    0.00   70.83
21:44:57       2   13.83    0.00    2.13    1.06    0.00    0.00    0.00    0.00    0.00   82.98
21:44:57       3   37.50    0.00    2.08    0.00    0.00    0.00    0.00    0.00    0.00   60.42
21:44:57       4   60.82    0.00    0.00    1.03    0.00    0.00    0.00    0.00    0.00   38.14
21:44:57       5    6.32    0.00    2.11    1.05    0.00    0.00    0.00    0.00    0.00   90.53
21:44:57       6   11.46    0.00    2.08    1.04    0.00    1.04    0.00    0.00    0.00   84.38
21:44:57       7   50.00    0.00    1.04    0.00    0.00    0.00    0.00    0.00    0.00   48.96
21:44:57       8   38.54    0.00    1.04    1.04    0.00    0.00    0.00    0.00    0.00   59.38
21:44:57       9   27.08    0.00    2.08    1.04    0.00    0.00    0.00    0.00    0.00   69.79
21:44:57      10   24.47    0.00    1.06    0.00    0.00    0.00    0.00    0.00    0.00   74.47
21:44:57      11   37.11    0.00    2.06    1.03    0.00    0.00    0.00    0.00    0.00   59.79
21:44:57      12   22.92    0.00    1.04    1.04    0.00    0.00    0.00    0.00    0.00   75.00
21:44:57      13   26.04    0.00    2.08    2.08    0.00    0.00    0.00    0.00    0.00   69.79
21:44:57      14   15.46    0.00    1.03    2.06    0.00    0.00    0.00    0.00    0.00   81.44
21:44:57      15   20.62    0.00    2.06    1.03    0.00    1.03    0.00    0.00    0.00   75.26

21:44:57     CPU    %usr   %nice    %sys %iowait    %irq   %soft  %steal  %guest  %gnice   %idle
21:44:58     all   25.73    0.00    1.43    0.78    0.00    0.26    0.00    0.00    0.00   71.79
21:44:58       0   16.84    0.00    1.05    1.05    0.00    1.05    0.00    0.00    0.00   80.00
21:44:58       1   40.62    0.00    1.04    0.00    0.00    0.00    0.00    0.00    0.00   58.33
21:44:58       2   28.42    0.00    1.05    1.05    0.00    0.00    0.00    0.00    0.00   69.47
21:44:58       3   62.00    0.00    1.00    1.00    0.00    1.00    0.00    0.00    0.00   35.00
21:44:58       4   21.65    0.00    2.06    1.03    0.00    0.00    0.00    0.00    0.00   75.26
21:44:58       5   41.24    0.00    2.06    1.03    0.00    0.00    0.00    0.00    0.00   55.67
21:44:58       6   18.95    0.00    2.11    0.00    0.00    0.00    0.00    0.00    0.00   78.95
21:44:58       7   25.00    0.00    1.04    1.04    0.00    0.00    0.00    0.00    0.00   72.92
21:44:58       8   22.92    0.00    1.04    1.04    0.00    1.04    0.00    0.00    0.00   73.96
21:44:58       9   14.58    0.00    0.00    1.04    0.00    0.00    0.00    0.00    0.00   84.38
21:44:58      10   13.27    0.00    3.06    2.04    0.00    1.02    0.00    0.00    0.00   80.61
21:44:58      11    9.38    0.00    1.04    0.00    0.00    0.00    0.00    0.00    0.00   89.58
21:44:58      12   23.66    0.00    1.08    1.08    0.00    0.00    0.00    0.00    0.00   74.19
21:44:58      13   21.28    0.00    2.13    0.00    0.00    0.00    0.00    0.00    0.00   76.60
21:44:58      14   31.91    0.00    1.06    0.00    0.00    0.00    0.00    0.00    0.00   67.02
21:44:58      15   18.56    0.00    2.06    1.03    0.00    0.00    0.00    0.00    0.00   78.35

21:44:58     CPU    %usr   %nice    %sys %iowait    %irq   %soft  %steal  %guest  %gnice   %idle
21:44:59     all   22.78    0.00    1.44    0.72    0.00    0.00    0.00    0.00    0.00   75.07
21:44:59       0   35.42    0.00    2.08    0.00    0.00    0.00    0.00    0.00    0.00   62.50
21:44:59       1   60.20    0.00    0.00    1.02    0.00    0.00    0.00    0.00    0.00   38.78
21:44:59       2   10.42    0.00    2.08    1.04    0.00    0.00    0.00    0.00    0.00   86.46
21:44:59       3   16.84    0.00    1.05    0.00    0.00    0.00    0.00    0.00    0.00   82.11
21:44:59       4   26.04    0.00    2.08    1.04    0.00    0.00    0.00    0.00    0.00   70.83
21:44:59       5   20.83    0.00    1.04    1.04    0.00    0.00    0.00    0.00    0.00   77.08
21:44:59       6   23.96    0.00    1.04    1.04    0.00    0.00    0.00    0.00    0.00   73.96
21:44:59       7   32.29    0.00    1.04    0.00    0.00    0.00    0.00    0.00    0.00   66.67
21:44:59       8   14.89    0.00    1.06    0.00    0.00    0.00    0.00    0.00    0.00   84.04
21:44:59       9   11.70    0.00    1.06    0.00    0.00    0.00    0.00    0.00    0.00   87.23
21:44:59      10   18.09    0.00    1.06    1.06    0.00    0.00    0.00    0.00    0.00   79.79
21:44:59      11   25.00    0.00    1.04    1.04    0.00    0.00    0.00    0.00    0.00   72.92
21:44:59      12    6.32    0.00    2.11    1.05    0.00    0.00    0.00    0.00    0.00   90.53
21:44:59      13   18.56    0.00    2.06    1.03    0.00    0.00    0.00    0.00    0.00   78.35
21:44:59      14   15.46    0.00    2.06    1.03    0.00    0.00    0.00    0.00    0.00   81.44
21:44:59      15   27.08    0.00    2.08    1.04    0.00    0.00    0.00    0.00    0.00   69.79

21:44:59     CPU    %usr   %nice    %sys %iowait    %irq   %soft  %steal  %guest  %gnice   %idle
21:45:00     all   23.87    0.00    1.77    0.85    0.00    0.00    0.00    0.00    0.00   73.51
21:45:00       0   71.43    0.00    1.02    1.02    0.00    0.00    0.00    0.00    0.00   26.53
21:45:00       1   27.66    0.00    1.06    1.06    0.00    0.00    0.00    0.00    0.00   70.21
21:45:00       2   22.11    0.00    2.11    0.00    0.00    0.00    0.00    0.00    0.00   75.79
21:45:00       3   38.14    0.00    2.06    1.03    0.00    0.00    0.00    0.00    0.00   58.76
21:45:00       4   17.02    0.00    1.06    1.06    0.00    0.00    0.00    0.00    0.00   80.85
21:45:00       5    7.37    0.00    2.11    1.05    0.00    0.00    0.00    0.00    0.00   89.47
21:45:00       6    8.33    0.00    2.08    0.00    0.00    0.00    0.00    0.00    0.00   89.58
21:45:00       7   16.13    0.00    1.08    1.08    0.00    0.00    0.00    0.00    0.00   81.72
21:45:00       8   11.46    0.00    2.08    0.00    0.00    0.00    0.00    0.00    0.00   86.46
21:45:00       9   11.46    0.00    2.08    1.04    0.00    0.00    0.00    0.00    0.00   85.42
21:45:00      10   17.71    0.00    2.08    1.04    0.00    0.00    0.00    0.00    0.00   79.17
21:45:00      11   20.00    0.00    2.11    1.05    0.00    0.00    0.00    0.00    0.00   76.84
21:45:00      12   22.68    0.00    3.09    1.03    0.00    0.00    0.00    0.00    0.00   73.20
21:45:00      13   39.18    0.00    2.06    1.03    0.00    0.00    0.00    0.00    0.00   57.73
21:45:00      14   35.79    0.00    1.05    1.05    0.00    0.00    0.00    0.00    0.00   62.11
21:45:00      15   13.68    0.00    1.05    1.05    0.00    0.00    0.00    0.00    0.00   84.21

21:45:00     CPU    %usr   %nice    %sys %iowait    %irq   %soft  %steal  %guest  %gnice   %idle
21:45:01     all   25.51    0.00    1.76    0.72    0.00    0.26    0.00    0.00    0.00   71.75
21:45:01       0   29.17    0.00    2.08    1.04    0.00    0.00    0.00    0.00    0.00   67.71
21:45:01       1    6.32    0.00    2.11    0.00    0.00    0.00    0.00    0.00    0.00   91.58
21:45:01       2   15.46    0.00    1.03    1.03    0.00    1.03    0.00    0.00    0.00   81.44
21:45:01       3   87.88    0.00    0.00    0.00    0.00    0.00    0.00    0.00    0.00   12.12
21:45:01       4   27.84    0.00    2.06    0.00    0.00    1.03    0.00    0.00    0.00   69.07
21:45:01       5   12.63    0.00    2.11    0.00    0.00    0.00    0.00    0.00    0.00   85.26
21:45:01       6   19.15    0.00    2.13    1.06    0.00    0.00    0.00    0.00    0.00   77.66
21:45:01       7   20.83    0.00    1.04    1.04    0.00    0.00    0.00    0.00    0.00   77.08
21:45:01       8   27.37    0.00    1.05    1.05    0.00    0.00    0.00    0.00    0.00   70.53
21:45:01       9   18.09    0.00    2.13    0.00    0.00    0.00    0.00    0.00    0.00   79.79
21:45:01      10   15.79    0.00    2.11    1.05    0.00    0.00    0.00    0.00    0.00   81.05
21:45:01      11    8.25    0.00    2.06    0.00    0.00    1.03    0.00    0.00    0.00   88.66
21:45:01      12   12.50    0.00    2.08    1.04    0.00    1.04    0.00    0.00    0.00   83.33
21:45:01      13   37.50    0.00    2.08    2.08    0.00    0.00    0.00    0.00    0.00   58.33
21:45:01      14   27.37    0.00    2.11    1.05    0.00    0.00    0.00    0.00    0.00   69.47
21:45:01      15   39.58    0.00    2.08    1.04    0.00    0.00    0.00    0.00    0.00   57.29

21:45:01     CPU    %usr   %nice    %sys %iowait    %irq   %soft  %steal  %guest  %gnice   %idle
21:45:02     all   24.71    0.00    1.44    0.85    0.00    0.33    0.00    0.00    0.00   72.68
21:45:02       0   19.15    0.00    3.19    0.00    0.00    0.00    0.00    0.00    0.00   77.66
21:45:02       1   83.67    0.00    0.00    0.00    0.00    0.00    0.00    0.00    0.00   16.33
21:45:02       2   27.08    0.00    1.04    1.04    0.00    0.00    0.00    0.00    0.00   70.83
21:45:02       3    7.37    0.00    1.05    0.00    0.00    0.00    0.00    0.00    0.00   91.58
21:45:02       4   52.63    0.00    1.05    1.05    0.00    0.00    0.00    0.00    0.00   45.26
21:45:02       5   20.00    0.00    1.05    1.05    0.00    1.05    0.00    0.00    0.00   76.84
21:45:02       6   25.77    0.00    2.06    2.06    0.00    0.00    0.00    0.00    0.00   70.10
21:45:02       7   14.74    0.00    2.11    0.00    0.00    0.00    0.00    0.00    0.00   83.16
21:45:02       8   20.83    0.00    2.08    1.04    0.00    0.00    0.00    0.00    0.00   76.04
21:45:02       9    4.17    0.00    1.04    1.04    0.00    1.04    0.00    0.00    0.00   92.71
21:45:02      10    8.51    0.00    1.06    1.06    0.00    0.00    0.00    0.00    0.00   89.36
21:45:02      11   22.92    0.00    1.04    1.04    0.00    0.00    0.00    0.00    0.00   75.00
21:45:02      12   13.68    0.00    2.11    1.05    0.00    0.00    0.00    0.00    0.00   83.16
21:45:02      13   38.14    0.00    1.03    1.03    0.00    1.03    0.00    0.00    0.00   58.76
21:45:02      14   14.58    0.00    1.04    1.04    0.00    1.04    0.00    0.00    0.00   82.29
21:45:02      15   20.00    0.00    2.11    1.05    0.00    1.05    0.00    0.00    0.00   75.79
