Linux 6.17.0-1019-aws (ip-172-31-34-148) 	07/23/26 	_x86_64_	(4 CPU)

07:12:30     CPU    %usr   %nice    %sys %iowait    %irq   %soft  %steal  %guest  %gnice   %idle
07:12:31     all   73.38    0.00    6.97    0.00    0.00    0.25    0.25    0.00    0.00   19.15
07:12:31       0   75.00    0.00    6.00    0.00    0.00    0.00    0.00    0.00    0.00   19.00
07:12:31       1   76.47    0.00   12.75    0.00    0.00    0.98    0.98    0.00    0.00    8.82
07:12:31       2   67.33    0.00    4.95    0.00    0.00    0.00    0.00    0.00    0.00   27.72
07:12:31       3   74.75    0.00    4.04    0.00    0.00    0.00    0.00    0.00    0.00   21.21

07:12:31     CPU    %usr   %nice    %sys %iowait    %irq   %soft  %steal  %guest  %gnice   %idle
07:12:32     all   95.51    0.00    3.74    0.00    0.00    0.50    0.00    0.00    0.00    0.25
07:12:32       0   94.06    0.00    4.95    0.00    0.00    0.99    0.00    0.00    0.00    0.00
07:12:32       1   97.98    0.00    2.02    0.00    0.00    0.00    0.00    0.00    0.00    0.00
07:12:32       2   96.97    0.00    3.03    0.00    0.00    0.00    0.00    0.00    0.00    0.00
07:12:32       3   93.14    0.00    4.90    0.00    0.00    0.98    0.00    0.00    0.00    0.98

07:12:32     CPU    %usr   %nice    %sys %iowait    %irq   %soft  %steal  %guest  %gnice   %idle
07:12:33     all   94.19    0.00    5.05    0.00    0.00    0.51    0.00    0.00    0.00    0.25
07:12:33       0   93.94    0.00    6.06    0.00    0.00    0.00    0.00    0.00    0.00    0.00
07:12:33       1   93.94    0.00    5.05    0.00    0.00    0.00    0.00    0.00    0.00    1.01
07:12:33       2   94.00    0.00    5.00    0.00    0.00    1.00    0.00    0.00    0.00    0.00
07:12:33       3   94.90    0.00    4.08    0.00    0.00    1.02    0.00    0.00    0.00    0.00

07:12:33     CPU    %usr   %nice    %sys %iowait    %irq   %soft  %steal  %guest  %gnice   %idle
07:12:34     all   94.01    0.00    5.74    0.00    0.00    0.25    0.00    0.00    0.00    0.00
07:12:34       0   93.07    0.00    5.94    0.00    0.00    0.99    0.00    0.00    0.00    0.00
07:12:34       1   93.00    0.00    7.00    0.00    0.00    0.00    0.00    0.00    0.00    0.00
07:12:34       2   95.00    0.00    5.00    0.00    0.00    0.00    0.00    0.00    0.00    0.00
07:12:34       3   95.00    0.00    5.00    0.00    0.00    0.00    0.00    0.00    0.00    0.00

07:12:34     CPU    %usr   %nice    %sys %iowait    %irq   %soft  %steal  %guest  %gnice   %idle
07:12:35     all   91.71    0.00    5.28    0.00    0.00    0.50    0.00    0.00    0.00    2.51
07:12:35       0   91.84    0.00    5.10    0.00    0.00    0.00    0.00    0.00    0.00    3.06
07:12:35       1   90.00    0.00    6.00    0.00    0.00    1.00    0.00    0.00    0.00    3.00
07:12:35       2   93.94    0.00    4.04    0.00    0.00    0.00    0.00    0.00    0.00    2.02
07:12:35       3   91.09    0.00    5.94    0.00    0.00    0.99    0.00    0.00    0.00    1.98

07:12:35     CPU    %usr   %nice    %sys %iowait    %irq   %soft  %steal  %guest  %gnice   %idle
07:12:36     all   94.96    0.00    4.53    0.25    0.00    0.25    0.00    0.00    0.00    0.00
07:12:36       0   95.00    0.00    5.00    0.00    0.00    0.00    0.00    0.00    0.00    0.00
07:12:36       1   95.96    0.00    4.04    0.00    0.00    0.00    0.00    0.00    0.00    0.00
07:12:36       2   96.00    0.00    3.00    1.00    0.00    0.00    0.00    0.00    0.00    0.00
07:12:36       3   92.86    0.00    6.12    0.00    0.00    1.02    0.00    0.00    0.00    0.00

07:12:36     CPU    %usr   %nice    %sys %iowait    %irq   %soft  %steal  %guest  %gnice   %idle
07:12:37     all   94.01    0.00    4.99    0.00    0.00    0.50    0.00    0.00    0.00    0.50
07:12:37       0   94.00    0.00    5.00    0.00    0.00    0.00    0.00    0.00    0.00    1.00
07:12:37       1   93.00    0.00    6.00    0.00    0.00    1.00    0.00    0.00    0.00    0.00
07:12:37       2   94.06    0.00    3.96    0.00    0.00    0.99    0.00    0.00    0.00    0.99
07:12:37       3   95.00    0.00    5.00    0.00    0.00    0.00    0.00    0.00    0.00    0.00

07:12:37     CPU    %usr   %nice    %sys %iowait    %irq   %soft  %steal  %guest  %gnice   %idle
07:12:38     all   94.44    0.00    4.55    0.00    0.00    0.00    0.00    0.00    0.00    1.01
07:12:38       0   94.95    0.00    4.04    0.00    0.00    0.00    0.00    0.00    0.00    1.01
07:12:38       1   93.94    0.00    5.05    0.00    0.00    0.00    0.00    0.00    0.00    1.01
07:12:38       2   94.95    0.00    4.04    0.00    0.00    0.00    0.00    0.00    0.00    1.01
07:12:38       3   93.94    0.00    5.05    0.00    0.00    0.00    0.00    0.00    0.00    1.01

07:12:38     CPU    %usr   %nice    %sys %iowait    %irq   %soft  %steal  %guest  %gnice   %idle
07:12:39     all   94.03    0.00    4.48    0.00    0.00    0.75    0.00    0.00    0.00    0.75
07:12:39       0   93.00    0.00    5.00    0.00    0.00    1.00    0.00    0.00    0.00    1.00
07:12:39       1   93.14    0.00    4.90    0.00    0.00    0.98    0.00    0.00    0.00    0.98
07:12:39       2   95.00    0.00    4.00    0.00    0.00    0.00    0.00    0.00    0.00    1.00
07:12:39       3   95.00    0.00    4.00    0.00    0.00    1.00    0.00    0.00    0.00    0.00

07:12:39     CPU    %usr   %nice    %sys %iowait    %irq   %soft  %steal  %guest  %gnice   %idle
07:12:40     all   92.48    0.00    5.26    0.25    0.00    0.75    0.00    0.00    0.00    1.25
07:12:40       0   92.93    0.00    5.05    0.00    0.00    1.01    0.00    0.00    0.00    1.01
07:12:40       1   92.86    0.00    6.12    0.00    0.00    0.00    0.00    0.00    0.00    1.02
07:12:40       2   93.00    0.00    5.00    0.00    0.00    1.00    0.00    0.00    0.00    1.00
07:12:40       3   91.18    0.00    4.90    0.98    0.00    0.98    0.00    0.00    0.00    1.96

07:12:40     CPU    %usr   %nice    %sys %iowait    %irq   %soft  %steal  %guest  %gnice   %idle
07:12:41     all   95.73    0.00    3.77    0.00    0.00    0.50    0.00    0.00    0.00    0.00
07:12:41       0   94.00    0.00    5.00    0.00    0.00    1.00    0.00    0.00    0.00    0.00
07:12:41       1   97.00    0.00    2.00    0.00    0.00    1.00    0.00    0.00    0.00    0.00
07:12:41       2   97.98    0.00    2.02    0.00    0.00    0.00    0.00    0.00    0.00    0.00
07:12:41       3   93.94    0.00    6.06    0.00    0.00    0.00    0.00    0.00    0.00    0.00

07:12:41     CPU    %usr   %nice    %sys %iowait    %irq   %soft  %steal  %guest  %gnice   %idle
07:12:42     all   90.73    0.00    6.02    0.50    0.00    0.50    0.00    0.00    0.00    2.26
07:12:42       0   93.88    0.00    4.08    1.02    0.00    0.00    0.00    0.00    0.00    1.02
07:12:42       1   88.12    0.00    7.92    0.99    0.00    0.00    0.00    0.00    0.00    2.97
07:12:42       2   89.00    0.00    7.00    0.00    0.00    1.00    0.00    0.00    0.00    3.00
07:12:42       3   92.00    0.00    5.00    0.00    0.00    1.00    0.00    0.00    0.00    2.00

07:12:42     CPU    %usr   %nice    %sys %iowait    %irq   %soft  %steal  %guest  %gnice   %idle
07:12:43     all   84.60    0.00    4.55    0.00    0.00    0.25    0.00    0.00    0.00   10.61
07:12:43       0   72.73    0.00    6.06    0.00    0.00    0.00    0.00    0.00    0.00   21.21
07:12:43       1   86.87    0.00    3.03    0.00    0.00    0.00    0.00    0.00    0.00   10.10
07:12:43       2   89.00    0.00    4.00    0.00    0.00    1.00    0.00    0.00    0.00    6.00
07:12:43       3   89.80    0.00    5.10    0.00    0.00    0.00    0.00    0.00    0.00    5.10

07:12:43     CPU    %usr   %nice    %sys %iowait    %irq   %soft  %steal  %guest  %gnice   %idle
07:12:44     all   90.86    0.00    5.58    0.25    0.00    0.51    0.00    0.00    0.00    2.79
07:12:44       0   84.85    0.00    9.09    0.00    0.00    1.01    0.00    0.00    0.00    5.05
07:12:44       1   92.86    0.00    4.08    0.00    0.00    1.02    0.00    0.00    0.00    2.04
07:12:44       2   91.84    0.00    5.10    1.02    0.00    0.00    0.00    0.00    0.00    2.04
07:12:44       3   93.94    0.00    4.04    0.00    0.00    0.00    0.00    0.00    0.00    2.02

07:12:44     CPU    %usr   %nice    %sys %iowait    %irq   %soft  %steal  %guest  %gnice   %idle
07:12:45     all   93.48    0.00    4.76    0.00    0.00    0.25    0.00    0.00    0.00    1.50
07:12:45       0   92.93    0.00    5.05    0.00    0.00    0.00    0.00    0.00    0.00    2.02
07:12:45       1   94.00    0.00    4.00    0.00    0.00    0.00    0.00    0.00    0.00    2.00
07:12:45       2   93.00    0.00    5.00    0.00    0.00    0.00    0.00    0.00    0.00    2.00
07:12:45       3   94.00    0.00    5.00    0.00    0.00    1.00    0.00    0.00    0.00    0.00

07:12:45     CPU    %usr   %nice    %sys %iowait    %irq   %soft  %steal  %guest  %gnice   %idle
07:12:46     all   90.25    0.00    7.00    0.25    0.00    0.75    0.00    0.00    0.00    1.75
07:12:46       0   89.00    0.00    7.00    1.00    0.00    1.00    0.00    0.00    0.00    2.00
07:12:46       1   90.10    0.00    6.93    0.00    0.00    0.99    0.00    0.00    0.00    1.98
07:12:46       2   89.90    0.00    7.07    0.00    0.00    1.01    0.00    0.00    0.00    2.02
07:12:46       3   92.00    0.00    7.00    0.00    0.00    0.00    0.00    0.00    0.00    1.00

07:12:46     CPU    %usr   %nice    %sys %iowait    %irq   %soft  %steal  %guest  %gnice   %idle
07:12:47     all   91.71    0.00    7.54    0.00    0.00    0.25    0.00    0.00    0.00    0.50
07:12:47       0   94.95    0.00    4.04    0.00    0.00    0.00    0.00    0.00    0.00    1.01
07:12:47       1   91.00    0.00    8.00    0.00    0.00    1.00    0.00    0.00    0.00    0.00
07:12:47       2   90.00    0.00    9.00    0.00    0.00    0.00    0.00    0.00    0.00    1.00
07:12:47       3   90.91    0.00    9.09    0.00    0.00    0.00    0.00    0.00    0.00    0.00

07:12:47     CPU    %usr   %nice    %sys %iowait    %irq   %soft  %steal  %guest  %gnice   %idle
07:12:48     all   85.96    0.00    6.77    0.75    0.00    0.50    0.00    0.00    0.00    6.02
07:12:48       0   82.18    0.00    6.93    0.99    0.00    0.99    0.00    0.00    0.00    8.91
07:12:48       1   88.00    0.00    7.00    1.00    0.00    0.00    0.00    0.00    0.00    4.00
07:12:48       2   89.90    0.00    6.06    0.00    0.00    1.01    0.00    0.00    0.00    3.03
07:12:48       3   83.84    0.00    7.07    1.01    0.00    0.00    0.00    0.00    0.00    8.08

07:12:48     CPU    %usr   %nice    %sys %iowait    %irq   %soft  %steal  %guest  %gnice   %idle
07:12:49     all   82.66    0.00    7.04    0.50    0.00    0.50    2.01    0.00    0.00    7.29
07:12:49       0   77.55    0.00    8.16    0.00    0.00    0.00    0.00    0.00    0.00   14.29
07:12:49       1   84.00    0.00    6.00    0.00    0.00    0.00    4.00    0.00    0.00    6.00
07:12:49       2   86.00    0.00    8.00    1.00    0.00    1.00    0.00    0.00    0.00    4.00
07:12:49       3   83.00    0.00    6.00    1.00    0.00    1.00    4.00    0.00    0.00    5.00

07:12:49     CPU    %usr   %nice    %sys %iowait    %irq   %soft  %steal  %guest  %gnice   %idle
07:12:50     all   95.45    0.00    4.29    0.00    0.00    0.00    0.00    0.00    0.00    0.25
07:12:50       0   95.96    0.00    4.04    0.00    0.00    0.00    0.00    0.00    0.00    0.00
07:12:50       1   94.95    0.00    5.05    0.00    0.00    0.00    0.00    0.00    0.00    0.00
07:12:50       2   94.95    0.00    4.04    0.00    0.00    0.00    0.00    0.00    0.00    1.01
07:12:50       3   95.96    0.00    4.04    0.00    0.00    0.00    0.00    0.00    0.00    0.00

07:12:50     CPU    %usr   %nice    %sys %iowait    %irq   %soft  %steal  %guest  %gnice   %idle
07:12:51     all   73.42    0.00    6.58    1.52    0.00    0.76    0.00    0.00    0.00   17.72
07:12:51       0   81.00    0.00    6.00    2.00    0.00    1.00    0.00    0.00    0.00   10.00
07:12:51       1   66.34    0.00    4.95    1.98    0.00    0.99    0.00    0.00    0.00   25.74
07:12:51       2   75.26    0.00    8.25    1.03    0.00    1.03    0.00    0.00    0.00   14.43
07:12:51       3   71.13    0.00    7.22    1.03    0.00    0.00    0.00    0.00    0.00   20.62

07:12:51     CPU    %usr   %nice    %sys %iowait    %irq   %soft  %steal  %guest  %gnice   %idle
07:12:52     all    4.79    0.00    1.51    0.76    0.00    0.00    0.00    0.00    0.00   92.95
07:12:52       0    3.03    0.00    1.01    0.00    0.00    0.00    0.00    0.00    0.00   95.96
07:12:52       1    7.14    0.00    1.02    1.02    0.00    0.00    0.00    0.00    0.00   90.82
07:12:52       2    6.00    0.00    2.00    1.00    0.00    0.00    0.00    0.00    0.00   91.00
07:12:52       3    3.00    0.00    2.00    1.00    0.00    0.00    0.00    0.00    0.00   94.00

07:12:52     CPU    %usr   %nice    %sys %iowait    %irq   %soft  %steal  %guest  %gnice   %idle
07:12:53     all    1.73    0.00    0.74    0.00    0.00    0.25    0.00    0.00    0.00   97.28
07:12:53       0    1.98    0.00    0.99    0.00    0.00    0.00    0.00    0.00    0.00   97.03
07:12:53       1    1.96    0.00    0.98    0.00    0.00    0.00    0.00    0.00    0.00   97.06
07:12:53       2    1.98    0.00    0.99    0.00    0.00    0.00    0.00    0.00    0.00   97.03
07:12:53       3    1.00    0.00    0.00    0.00    0.00    1.00    0.00    0.00    0.00   98.00

07:12:53     CPU    %usr   %nice    %sys %iowait    %irq   %soft  %steal  %guest  %gnice   %idle
07:12:54     all    2.24    0.00    0.50    0.00    0.00    0.25    0.00    0.00    0.00   97.01
07:12:54       0    3.00    0.00    0.00    0.00    0.00    0.00    0.00    0.00    0.00   97.00
07:12:54       1    2.00    0.00    0.00    0.00    0.00    0.00    0.00    0.00    0.00   98.00
07:12:54       2    1.98    0.00    0.99    0.00    0.00    0.99    0.00    0.00    0.00   96.04
07:12:54       3    1.98    0.00    0.99    0.00    0.00    0.00    0.00    0.00    0.00   97.03

07:12:54     CPU    %usr   %nice    %sys %iowait    %irq   %soft  %steal  %guest  %gnice   %idle
07:12:55     all    3.45    0.00    0.74    0.25    0.00    0.00    0.00    0.00    0.00   95.57
07:12:55       0    2.91    0.00    0.97    0.97    0.00    0.00    0.00    0.00    0.00   95.15
07:12:55       1    4.95    0.00    0.99    0.00    0.00    0.00    0.00    0.00    0.00   94.06
07:12:55       2    2.94    0.00    0.98    0.00    0.00    0.00    0.00    0.00    0.00   96.08
07:12:55       3    3.00    0.00    0.00    0.00    0.00    0.00    0.00    0.00    0.00   97.00
