Linux 6.17.0-1019-aws (ip-172-31-34-148) 	07/23/26 	_x86_64_	(4 CPU)

07:12:05     CPU    %usr   %nice    %sys %iowait    %irq   %soft  %steal  %guest  %gnice   %idle
07:12:06     all   75.13    0.00    5.84    0.00    0.00    0.00    0.00    0.00    0.00   19.04
07:12:06       0   78.79    0.00   10.10    0.00    0.00    0.00    0.00    0.00    0.00   11.11
07:12:06       1   74.23    0.00    5.15    0.00    0.00    0.00    0.00    0.00    0.00   20.62
07:12:06       2   75.76    0.00    5.05    0.00    0.00    0.00    0.00    0.00    0.00   19.19
07:12:06       3   71.72    0.00    3.03    0.00    0.00    0.00    0.00    0.00    0.00   25.25

07:12:06     CPU    %usr   %nice    %sys %iowait    %irq   %soft  %steal  %guest  %gnice   %idle
07:12:07     all   94.25    0.00    4.50    0.00    0.00    0.75    0.00    0.00    0.00    0.50
07:12:07       0   94.00    0.00    4.00    0.00    0.00    1.00    0.00    0.00    0.00    1.00
07:12:07       1   93.07    0.00    5.94    0.00    0.00    0.99    0.00    0.00    0.00    0.00
07:12:07       2   94.95    0.00    4.04    0.00    0.00    0.00    0.00    0.00    0.00    1.01
07:12:07       3   95.00    0.00    4.00    0.00    0.00    1.00    0.00    0.00    0.00    0.00

07:12:07     CPU    %usr   %nice    %sys %iowait    %irq   %soft  %steal  %guest  %gnice   %idle
07:12:08     all   91.96    0.00    5.53    0.25    0.00    0.25    0.00    0.00    0.00    2.01
07:12:08       0   93.00    0.00    4.00    1.00    0.00    0.00    0.00    0.00    0.00    2.00
07:12:08       1   92.00    0.00    6.00    0.00    0.00    0.00    0.00    0.00    0.00    2.00
07:12:08       2   89.90    0.00    6.06    0.00    0.00    1.01    0.00    0.00    0.00    3.03
07:12:08       3   92.93    0.00    6.06    0.00    0.00    0.00    0.00    0.00    0.00    1.01

07:12:08     CPU    %usr   %nice    %sys %iowait    %irq   %soft  %steal  %guest  %gnice   %idle
07:12:09     all   90.00    0.00    6.25    0.00    0.00    0.75    0.00    0.00    0.00    3.00
07:12:09       0   89.90    0.00    6.06    0.00    0.00    0.00    0.00    0.00    0.00    4.04
07:12:09       1   91.00    0.00    6.00    0.00    0.00    1.00    0.00    0.00    0.00    2.00
07:12:09       2   89.11    0.00    5.94    0.00    0.00    0.99    0.00    0.00    0.00    3.96
07:12:09       3   90.00    0.00    7.00    0.00    0.00    1.00    0.00    0.00    0.00    2.00

07:12:09     CPU    %usr   %nice    %sys %iowait    %irq   %soft  %steal  %guest  %gnice   %idle
07:12:10     all   91.65    0.00    5.82    0.00    0.00    0.25    0.00    0.00    0.00    2.28
07:12:10       0   92.00    0.00    5.00    0.00    0.00    1.00    0.00    0.00    0.00    2.00
07:12:10       1   91.92    0.00    6.06    0.00    0.00    0.00    0.00    0.00    0.00    2.02
07:12:10       2   90.82    0.00    6.12    0.00    0.00    0.00    0.00    0.00    0.00    3.06
07:12:10       3   91.84    0.00    6.12    0.00    0.00    0.00    0.00    0.00    0.00    2.04

07:12:10     CPU    %usr   %nice    %sys %iowait    %irq   %soft  %steal  %guest  %gnice   %idle
07:12:11     all   90.98    0.00    5.76    0.25    0.00    0.25    0.00    0.00    0.00    2.76
07:12:11       0   92.93    0.00    4.04    0.00    0.00    0.00    0.00    0.00    0.00    3.03
07:12:11       1   91.92    0.00    6.06    0.00    0.00    0.00    0.00    0.00    0.00    2.02
07:12:11       2   92.93    0.00    5.05    0.00    0.00    0.00    0.00    0.00    0.00    2.02
07:12:11       3   86.27    0.00    7.84    0.98    0.00    0.98    0.00    0.00    0.00    3.92

07:12:11     CPU    %usr   %nice    %sys %iowait    %irq   %soft  %steal  %guest  %gnice   %idle
07:12:12     all   92.73    0.00    5.76    0.00    0.00    1.00    0.00    0.00    0.00    0.50
07:12:12       0   91.09    0.00    6.93    0.00    0.00    0.99    0.00    0.00    0.00    0.99
07:12:12       1   94.00    0.00    5.00    0.00    0.00    1.00    0.00    0.00    0.00    0.00
07:12:12       2   92.00    0.00    6.00    0.00    0.00    1.00    0.00    0.00    0.00    1.00
07:12:12       3   93.88    0.00    5.10    0.00    0.00    1.02    0.00    0.00    0.00    0.00

07:12:12     CPU    %usr   %nice    %sys %iowait    %irq   %soft  %steal  %guest  %gnice   %idle
07:12:13     all   89.11    0.00    6.84    0.25    0.00    0.00    0.00    0.00    0.00    3.80
07:12:13       0   90.91    0.00    5.05    0.00    0.00    0.00    0.00    0.00    0.00    4.04
07:12:13       1   87.88    0.00    8.08    1.01    0.00    0.00    0.00    0.00    0.00    3.03
07:12:13       2   89.90    0.00    6.06    0.00    0.00    0.00    0.00    0.00    0.00    4.04
07:12:13       3   87.76    0.00    8.16    0.00    0.00    0.00    0.00    0.00    0.00    4.08

07:12:13     CPU    %usr   %nice    %sys %iowait    %irq   %soft  %steal  %guest  %gnice   %idle
07:12:14     all   88.94    0.00    5.53    0.50    0.00    1.01    0.00    0.00    0.00    4.02
07:12:14       0   90.91    0.00    4.04    1.01    0.00    1.01    0.00    0.00    0.00    3.03
07:12:14       1   88.00    0.00    6.00    0.00    0.00    1.00    0.00    0.00    0.00    5.00
07:12:14       2   86.87    0.00    6.06    1.01    0.00    1.01    0.00    0.00    0.00    5.05
07:12:14       3   90.00    0.00    6.00    0.00    0.00    1.00    0.00    0.00    0.00    3.00

07:12:14     CPU    %usr   %nice    %sys %iowait    %irq   %soft  %steal  %guest  %gnice   %idle
07:12:15     all   85.97    0.00    6.89    0.51    0.00    0.26    0.00    0.00    0.00    6.38
07:12:15       0   86.73    0.00    6.12    0.00    0.00    0.00    0.00    0.00    0.00    7.14
07:12:15       1   84.69    0.00    8.16    1.02    0.00    0.00    0.00    0.00    0.00    6.12
07:12:15       2   87.76    0.00    6.12    0.00    0.00    0.00    0.00    0.00    0.00    6.12
07:12:15       3   84.69    0.00    7.14    1.02    0.00    1.02    0.00    0.00    0.00    6.12

07:12:15     CPU    %usr   %nice    %sys %iowait    %irq   %soft  %steal  %guest  %gnice   %idle
07:12:16     all   82.99    0.00    5.33    0.51    0.00    0.76    0.00    0.00    0.00   10.41
07:12:16       0   80.81    0.00    6.06    1.01    0.00    1.01    0.00    0.00    0.00   11.11
07:12:16       1   81.82    0.00    5.05    0.00    0.00    1.01    0.00    0.00    0.00   12.12
07:12:16       2   85.71    0.00    4.08    1.02    0.00    1.02    0.00    0.00    0.00    8.16
07:12:16       3   83.67    0.00    6.12    0.00    0.00    0.00    0.00    0.00    0.00   10.20

07:12:16     CPU    %usr   %nice    %sys %iowait    %irq   %soft  %steal  %guest  %gnice   %idle
07:12:17     all   79.39    0.00    6.11    0.76    0.00    0.76    0.00    0.00    0.00   12.98
07:12:17       0   79.38    0.00    7.22    0.00    0.00    1.03    0.00    0.00    0.00   12.37
07:12:17       1   82.29    0.00    5.21    1.04    0.00    0.00    0.00    0.00    0.00   11.46
07:12:17       2   77.23    0.00    5.94    0.99    0.00    0.99    0.00    0.00    0.00   14.85
07:12:17       3   78.79    0.00    6.06    1.01    0.00    1.01    0.00    0.00    0.00   13.13

07:12:17     CPU    %usr   %nice    %sys %iowait    %irq   %soft  %steal  %guest  %gnice   %idle
07:12:18     all   74.35    0.00    6.22    0.78    0.00    0.78    0.00    0.00    0.00   17.88
07:12:18       0   76.84    0.00    4.21    1.05    0.00    0.00    0.00    0.00    0.00   17.89
07:12:18       1   72.73    0.00    8.08    1.01    0.00    1.01    0.00    0.00    0.00   17.17
07:12:18       2   72.92    0.00    6.25    0.00    0.00    1.04    0.00    0.00    0.00   19.79
07:12:18       3   75.00    0.00    6.25    1.04    0.00    1.04    0.00    0.00    0.00   16.67

07:12:18     CPU    %usr   %nice    %sys %iowait    %irq   %soft  %steal  %guest  %gnice   %idle
07:12:19     all   80.87    0.00    5.87    1.02    0.00    1.02    0.00    0.00    0.00   11.22
07:12:19       0   79.59    0.00    7.14    1.02    0.00    1.02    0.00    0.00    0.00   11.22
07:12:19       1   83.84    0.00    5.05    1.01    0.00    1.01    0.00    0.00    0.00    9.09
07:12:19       2   79.38    0.00    6.19    1.03    0.00    1.03    0.00    0.00    0.00   12.37
07:12:19       3   80.61    0.00    5.10    1.02    0.00    1.02    0.00    0.00    0.00   12.24

07:12:19     CPU    %usr   %nice    %sys %iowait    %irq   %soft  %steal  %guest  %gnice   %idle
07:12:20     all   71.79    0.00    5.64    1.03    0.00    1.03    0.00    0.00    0.00   20.51
07:12:20       0   70.71    0.00    5.05    1.01    0.00    1.01    0.00    0.00    0.00   22.22
07:12:20       1   71.13    0.00    6.19    1.03    0.00    1.03    0.00    0.00    0.00   20.62
07:12:20       2   74.23    0.00    4.12    1.03    0.00    1.03    0.00    0.00    0.00   19.59
07:12:20       3   71.13    0.00    7.22    1.03    0.00    1.03    0.00    0.00    0.00   19.59

07:12:20     CPU    %usr   %nice    %sys %iowait    %irq   %soft  %steal  %guest  %gnice   %idle
07:12:21     all   82.10    0.00    5.88    0.51    0.00    0.77    0.00    0.00    0.00   10.74
07:12:21       0   81.44    0.00    6.19    1.03    0.00    1.03    0.00    0.00    0.00   10.31
07:12:21       1   82.83    0.00    5.05    0.00    0.00    1.01    0.00    0.00    0.00   11.11
07:12:21       2   82.47    0.00    5.15    1.03    0.00    0.00    0.00    0.00    0.00   11.34
07:12:21       3   81.63    0.00    7.14    0.00    0.00    1.02    0.00    0.00    0.00   10.20

07:12:21     CPU    %usr   %nice    %sys %iowait    %irq   %soft  %steal  %guest  %gnice   %idle
07:12:22     all   91.65    0.00    5.06    0.25    0.00    0.25    0.00    0.00    0.00    2.78
07:12:22       0   92.86    0.00    4.08    0.00    0.00    0.00    0.00    0.00    0.00    3.06
07:12:22       1   92.78    0.00    4.12    0.00    0.00    0.00    0.00    0.00    0.00    3.09
07:12:22       2   91.92    0.00    5.05    0.00    0.00    1.01    0.00    0.00    0.00    2.02
07:12:22       3   89.11    0.00    6.93    0.99    0.00    0.00    0.00    0.00    0.00    2.97

07:12:22     CPU    %usr   %nice    %sys %iowait    %irq   %soft  %steal  %guest  %gnice   %idle
07:12:23     all   65.97    0.00    7.53    2.34    0.00    0.78    0.00    0.00    0.00   23.38
07:12:23       0   64.58    0.00    8.33    2.08    0.00    1.04    0.00    0.00    0.00   23.96
07:12:23       1   62.11    0.00    7.37    3.16    0.00    1.05    0.00    0.00    0.00   26.32
07:12:23       2   71.13    0.00    7.22    2.06    0.00    0.00    0.00    0.00    0.00   19.59
07:12:23       3   65.98    0.00    7.22    2.06    0.00    1.03    0.00    0.00    0.00   23.71

07:12:23     CPU    %usr   %nice    %sys %iowait    %irq   %soft  %steal  %guest  %gnice   %idle
07:12:24     all   74.62    0.00    8.46    2.05    0.00    0.00    0.00    0.00    0.00   14.87
07:12:24       0   70.71    0.00   11.11    2.02    0.00    0.00    0.00    0.00    0.00   16.16
07:12:24       1   78.57    0.00    7.14    1.02    0.00    0.00    0.00    0.00    0.00   13.27
07:12:24       2   73.68    0.00    7.37    3.16    0.00    0.00    0.00    0.00    0.00   15.79
07:12:24       3   75.51    0.00    8.16    2.04    0.00    0.00    0.00    0.00    0.00   14.29

07:12:24     CPU    %usr   %nice    %sys %iowait    %irq   %soft  %steal  %guest  %gnice   %idle
07:12:25     all   86.68    0.00    6.53    0.75    0.00    0.75    0.00    0.00    0.00    5.28
07:12:25       0   86.00    0.00    8.00    1.00    0.00    1.00    0.00    0.00    0.00    4.00
07:12:25       1   86.73    0.00    6.12    1.02    0.00    0.00    0.00    0.00    0.00    6.12
07:12:25       2   86.14    0.00    6.93    0.00    0.00    0.99    0.00    0.00    0.00    5.94
07:12:25       3   87.88    0.00    5.05    1.01    0.00    1.01    0.00    0.00    0.00    5.05

07:12:25     CPU    %usr   %nice    %sys %iowait    %irq   %soft  %steal  %guest  %gnice   %idle
07:12:26     all   69.97    0.00    4.33    0.25    0.00    0.25    0.00    0.00    0.00   25.19
07:12:26       0   68.37    0.00    3.06    1.02    0.00    0.00    0.00    0.00    0.00   27.55
07:12:26       1   71.43    0.00    3.06    0.00    0.00    1.02    0.00    0.00    0.00   24.49
07:12:26       2   75.26    0.00    5.15    0.00    0.00    0.00    0.00    0.00    0.00   19.59
07:12:26       3   65.00    0.00    6.00    0.00    0.00    0.00    0.00    0.00    0.00   29.00
