Linux 6.17.0-1019-aws (ip-172-31-34-148) 	07/23/26 	_x86_64_	(4 CPU)

07:11:40     CPU    %usr   %nice    %sys %iowait    %irq   %soft  %steal  %guest  %gnice   %idle
07:11:41     all   73.62    0.00    6.28    0.00    0.00    0.25    0.25    0.00    0.00   19.60
07:11:41       0   75.00    0.00    7.00    0.00    0.00    1.00    0.00    0.00    0.00   17.00
07:11:41       1   71.72    0.00    3.03    0.00    0.00    0.00    0.00    0.00    0.00   25.25
07:11:41       2   77.78    0.00    6.06    0.00    0.00    0.00    0.00    0.00    0.00   16.16
07:11:41       3   70.00    0.00    9.00    0.00    0.00    0.00    1.00    0.00    0.00   20.00

07:11:41     CPU    %usr   %nice    %sys %iowait    %irq   %soft  %steal  %guest  %gnice   %idle
07:11:42     all   91.94    0.00    4.79    0.00    0.00    0.00    0.00    0.00    0.00    3.27
07:11:42       0   93.00    0.00    5.00    0.00    0.00    0.00    0.00    0.00    0.00    2.00
07:11:42       1   91.92    0.00    4.04    0.00    0.00    0.00    0.00    0.00    0.00    4.04
07:11:42       2   92.93    0.00    4.04    0.00    0.00    0.00    0.00    0.00    0.00    3.03
07:11:42       3   89.90    0.00    6.06    0.00    0.00    0.00    0.00    0.00    0.00    4.04

07:11:42     CPU    %usr   %nice    %sys %iowait    %irq   %soft  %steal  %guest  %gnice   %idle
07:11:43     all   89.92    0.00    6.55    0.00    0.00    0.25    0.00    0.00    0.00    3.27
07:11:43       0   89.80    0.00    7.14    0.00    0.00    0.00    0.00    0.00    0.00    3.06
07:11:43       1   91.92    0.00    4.04    0.00    0.00    0.00    0.00    0.00    0.00    4.04
07:11:43       2   91.00    0.00    6.00    0.00    0.00    0.00    0.00    0.00    0.00    3.00
07:11:43       3   87.00    0.00    9.00    0.00    0.00    1.00    0.00    0.00    0.00    3.00

07:11:43     CPU    %usr   %nice    %sys %iowait    %irq   %soft  %steal  %guest  %gnice   %idle
07:11:44     all   86.58    0.00    6.33    0.51    0.00    0.76    0.00    0.00    0.00    5.82
07:11:44       0   85.00    0.00    7.00    1.00    0.00    1.00    0.00    0.00    0.00    6.00
07:11:44       1   88.00    0.00    6.00    1.00    0.00    1.00    0.00    0.00    0.00    4.00
07:11:44       2   83.67    0.00    7.14    0.00    0.00    1.02    0.00    0.00    0.00    8.16
07:11:44       3   89.69    0.00    5.15    0.00    0.00    0.00    0.00    0.00    0.00    5.15

07:11:44     CPU    %usr   %nice    %sys %iowait    %irq   %soft  %steal  %guest  %gnice   %idle
07:11:45     all   88.40    0.00    6.70    0.00    0.00    0.26    0.00    0.00    0.00    4.64
07:11:45       0   90.62    0.00    5.21    0.00    0.00    0.00    0.00    0.00    0.00    4.17
07:11:45       1   87.63    0.00    7.22    0.00    0.00    0.00    0.00    0.00    0.00    5.15
07:11:45       2   88.66    0.00    7.22    0.00    0.00    0.00    0.00    0.00    0.00    4.12
07:11:45       3   86.73    0.00    7.14    0.00    0.00    1.02    0.00    0.00    0.00    5.10

07:11:45     CPU    %usr   %nice    %sys %iowait    %irq   %soft  %steal  %guest  %gnice   %idle
07:11:46     all   70.41    0.00    6.12    1.02    0.00    0.51    0.00    0.00    0.00   21.94
07:11:46       0   73.00    0.00    6.00    1.00    0.00    0.00    0.00    0.00    0.00   20.00
07:11:46       1   69.39    0.00    6.12    1.02    0.00    1.02    0.00    0.00    0.00   22.45
07:11:46       2   69.07    0.00    5.15    1.03    0.00    1.03    0.00    0.00    0.00   23.71
07:11:46       3   70.10    0.00    7.22    1.03    0.00    0.00    0.00    0.00    0.00   21.65

07:11:46     CPU    %usr   %nice    %sys %iowait    %irq   %soft  %steal  %guest  %gnice   %idle
07:11:47     all   72.94    0.00    5.93    0.00    0.00    0.52    0.00    0.00    0.00   20.62
07:11:47       0   71.43    0.00    6.12    0.00    0.00    1.02    0.00    0.00    0.00   21.43
07:11:47       1   74.74    0.00    4.21    0.00    0.00    0.00    0.00    0.00    0.00   21.05
07:11:47       2   73.47    0.00    6.12    0.00    0.00    0.00    0.00    0.00    0.00   20.41
07:11:47       3   72.16    0.00    7.22    0.00    0.00    1.03    0.00    0.00    0.00   19.59

07:11:47     CPU    %usr   %nice    %sys %iowait    %irq   %soft  %steal  %guest  %gnice   %idle
07:11:48     all   68.27    0.00    5.84    1.02    0.00    0.51    0.00    0.00    0.00   24.37
07:11:48       0   70.10    0.00    4.12    1.03    0.00    0.00    0.00    0.00    0.00   24.74
07:11:48       1   67.35    0.00    6.12    1.02    0.00    1.02    0.00    0.00    0.00   24.49
07:11:48       2   65.66    0.00    8.08    1.01    0.00    0.00    0.00    0.00    0.00   25.25
07:11:48       3   70.00    0.00    5.00    1.00    0.00    1.00    0.00    0.00    0.00   23.00

07:11:48     CPU    %usr   %nice    %sys %iowait    %irq   %soft  %steal  %guest  %gnice   %idle
07:11:49     all   77.24    0.00    6.14    0.51    0.00    0.51    1.79    0.00    0.00   13.81
07:11:49       0   81.44    0.00    5.15    0.00    0.00    0.00    0.00    0.00    0.00   13.40
07:11:49       1   71.43    0.00    7.14    1.02    0.00    1.02    4.08    0.00    0.00   15.31
07:11:49       2   76.77    0.00    6.06    1.01    0.00    1.01    0.00    0.00    0.00   15.15
07:11:49       3   79.38    0.00    6.19    0.00    0.00    0.00    3.09    0.00    0.00   11.34

07:11:49     CPU    %usr   %nice    %sys %iowait    %irq   %soft  %steal  %guest  %gnice   %idle
07:11:50     all   77.08    0.00    5.29    0.50    0.00    1.01    0.00    0.00    0.00   16.12
07:11:50       0   76.00    0.00    5.00    1.00    0.00    1.00    0.00    0.00    0.00   17.00
07:11:50       1   80.81    0.00    4.04    0.00    0.00    1.01    0.00    0.00    0.00   14.14
07:11:50       2   75.00    0.00    6.00    0.00    0.00    1.00    0.00    0.00    0.00   18.00
07:11:50       3   76.53    0.00    6.12    1.02    0.00    1.02    0.00    0.00    0.00   15.31

07:11:50     CPU    %usr   %nice    %sys %iowait    %irq   %soft  %steal  %guest  %gnice   %idle
07:11:51     all   75.06    0.00    5.60    0.51    0.00    0.25    0.25    0.00    0.00   18.32
07:11:51       0   72.92    0.00    6.25    0.00    0.00    0.00    0.00    0.00    0.00   20.83
07:11:51       1   76.77    0.00    5.05    1.01    0.00    0.00    0.00    0.00    0.00   17.17
07:11:51       2   73.47    0.00    7.14    1.02    0.00    0.00    0.00    0.00    0.00   18.37
07:11:51       3   77.00    0.00    4.00    0.00    0.00    1.00    1.00    0.00    0.00   17.00

07:11:51     CPU    %usr   %nice    %sys %iowait    %irq   %soft  %steal  %guest  %gnice   %idle
07:11:52     all   80.00    0.00    5.06    0.51    0.00    0.76    0.00    0.00    0.00   13.67
07:11:52       0   82.18    0.00    4.95    0.99    0.00    0.99    0.00    0.00    0.00   10.89
07:11:52       1   79.59    0.00    6.12    0.00    0.00    1.02    0.00    0.00    0.00   13.27
07:11:52       2   79.38    0.00    4.12    0.00    0.00    1.03    0.00    0.00    0.00   15.46
07:11:52       3   78.79    0.00    5.05    1.01    0.00    0.00    0.00    0.00    0.00   15.15

07:11:52     CPU    %usr   %nice    %sys %iowait    %irq   %soft  %steal  %guest  %gnice   %idle
07:11:53     all   49.75    0.00    5.28    1.01    0.00    0.25    0.00    0.00    0.00   43.72
07:11:53       0   55.00    0.00    5.00    1.00    0.00    0.00    0.00    0.00    0.00   39.00
07:11:53       1   47.47    0.00    5.05    1.01    0.00    0.00    0.00    0.00    0.00   46.46
07:11:53       2   48.00    0.00    6.00    1.00    0.00    0.00    0.00    0.00    0.00   45.00
07:11:53       3   48.48    0.00    5.05    1.01    0.00    1.01    0.00    0.00    0.00   44.44

07:11:53     CPU    %usr   %nice    %sys %iowait    %irq   %soft  %steal  %guest  %gnice   %idle
07:11:54     all   53.40    0.00    6.05    1.01    0.00    0.50    0.00    0.00    0.00   39.04
07:11:54       0   56.12    0.00    5.10    1.02    0.00    1.02    0.00    0.00    0.00   36.73
07:11:54       1   51.96    0.00    5.88    0.98    0.00    0.98    0.00    0.00    0.00   40.20
07:11:54       2   53.06    0.00    7.14    1.02    0.00    0.00    0.00    0.00    0.00   38.78
07:11:54       3   52.53    0.00    6.06    1.01    0.00    0.00    0.00    0.00    0.00   40.40

07:11:54     CPU    %usr   %nice    %sys %iowait    %irq   %soft  %steal  %guest  %gnice   %idle
07:11:55     all   44.64    0.00    5.74    1.00    0.00    0.75    0.00    0.00    0.00   47.88
07:11:55       0   44.90    0.00    4.08    1.02    0.00    0.00    0.00    0.00    0.00   50.00
07:11:55       1   46.46    0.00    7.07    1.01    0.00    1.01    0.00    0.00    0.00   44.44
07:11:55       2   42.16    0.00    6.86    0.98    0.00    0.98    0.00    0.00    0.00   49.02
07:11:55       3   45.10    0.00    4.90    0.98    0.00    0.98    0.00    0.00    0.00   48.04

07:11:55     CPU    %usr   %nice    %sys %iowait    %irq   %soft  %steal  %guest  %gnice   %idle
07:11:56     all   52.54    0.00    5.84    0.76    0.00    0.25    0.00    0.00    0.00   40.61
07:11:56       0   52.58    0.00    5.15    0.00    0.00    1.03    0.00    0.00    0.00   41.24
07:11:56       1   52.04    0.00    5.10    1.02    0.00    0.00    0.00    0.00    0.00   41.84
07:11:56       2   56.00    0.00    6.00    1.00    0.00    0.00    0.00    0.00    0.00   37.00
07:11:56       3   49.49    0.00    7.07    1.01    0.00    0.00    0.00    0.00    0.00   42.42

07:11:56     CPU    %usr   %nice    %sys %iowait    %irq   %soft  %steal  %guest  %gnice   %idle
07:11:57     all   45.36    0.00    4.51    1.00    0.00    1.00    0.00    0.00    0.00   48.12
07:11:57       0   48.51    0.00    3.96    0.99    0.00    0.99    0.00    0.00    0.00   45.54
07:11:57       1   43.88    0.00    4.08    1.02    0.00    1.02    0.00    0.00    0.00   50.00
07:11:57       2   43.00    0.00    5.00    1.00    0.00    1.00    0.00    0.00    0.00   50.00
07:11:57       3   46.00    0.00    5.00    1.00    0.00    1.00    0.00    0.00    0.00   47.00

07:11:57     CPU    %usr   %nice    %sys %iowait    %irq   %soft  %steal  %guest  %gnice   %idle
07:11:58     all   46.98    0.00    4.52    1.01    0.00    0.25    0.00    0.00    0.00   47.24
07:11:58       0   46.94    0.00    4.08    1.02    0.00    0.00    0.00    0.00    0.00   47.96
07:11:58       1   51.00    0.00    5.00    1.00    0.00    0.00    0.00    0.00    0.00   43.00
07:11:58       2   47.00    0.00    5.00    1.00    0.00    0.00    0.00    0.00    0.00   47.00
07:11:58       3   43.00    0.00    4.00    1.00    0.00    1.00    0.00    0.00    0.00   51.00

07:11:58     CPU    %usr   %nice    %sys %iowait    %irq   %soft  %steal  %guest  %gnice   %idle
07:11:59     all   52.76    0.00    6.03    0.75    0.00    0.50    0.00    0.00    0.00   39.95
07:11:59       0   55.00    0.00    6.00    1.00    0.00    1.00    0.00    0.00    0.00   37.00
07:11:59       1   50.98    0.00    6.86    0.98    0.00    0.98    0.00    0.00    0.00   40.20
07:11:59       2   53.00    0.00    6.00    1.00    0.00    0.00    0.00    0.00    0.00   40.00
07:11:59       3   52.08    0.00    5.21    0.00    0.00    0.00    0.00    0.00    0.00   42.71

07:11:59     CPU    %usr   %nice    %sys %iowait    %irq   %soft  %steal  %guest  %gnice   %idle
07:12:00     all   66.67    0.00    5.26    1.00    0.00    0.75    0.00    0.00    0.00   26.32
07:12:00       0   61.62    0.00    7.07    1.01    0.00    0.00    0.00    0.00    0.00   30.30
07:12:00       1   67.68    0.00    4.04    1.01    0.00    1.01    0.00    0.00    0.00   26.26
07:12:00       2   65.66    0.00    5.05    1.01    0.00    1.01    0.00    0.00    0.00   27.27
07:12:00       3   71.57    0.00    4.90    0.98    0.00    0.98    0.00    0.00    0.00   21.57
