Linux 6.17.0-1019-aws (ip-172-31-34-148) 	07/23/26 	_x86_64_	(4 CPU)

07:13:00     CPU    %usr   %nice    %sys %iowait    %irq   %soft  %steal  %guest  %gnice   %idle
07:13:01     all   73.30    0.00    6.30    0.25    0.00    0.00    0.00    0.00    0.00   20.15
07:13:01       0   71.72    0.00    5.05    0.00    0.00    0.00    0.00    0.00    0.00   23.23
07:13:01       1   70.00    0.00    6.00    0.00    0.00    0.00    0.00    0.00    0.00   24.00
07:13:01       2   69.00    0.00    4.00    1.00    0.00    0.00    0.00    0.00    0.00   26.00
07:13:01       3   82.65    0.00   10.20    0.00    0.00    0.00    0.00    0.00    0.00    7.14

07:13:01     CPU    %usr   %nice    %sys %iowait    %irq   %soft  %steal  %guest  %gnice   %idle
07:13:02     all   93.73    0.00    5.51    0.00    0.00    0.75    0.00    0.00    0.00    0.00
07:13:02       0   95.00    0.00    4.00    0.00    0.00    1.00    0.00    0.00    0.00    0.00
07:13:02       1   92.86    0.00    7.14    0.00    0.00    0.00    0.00    0.00    0.00    0.00
07:13:02       2   94.00    0.00    5.00    0.00    0.00    1.00    0.00    0.00    0.00    0.00
07:13:02       3   93.07    0.00    5.94    0.00    0.00    0.99    0.00    0.00    0.00    0.00

07:13:02     CPU    %usr   %nice    %sys %iowait    %irq   %soft  %steal  %guest  %gnice   %idle
07:13:03     all   93.97    0.00    5.78    0.00    0.00    0.25    0.00    0.00    0.00    0.00
07:13:03       0   93.00    0.00    6.00    0.00    0.00    1.00    0.00    0.00    0.00    0.00
07:13:03       1   93.00    0.00    7.00    0.00    0.00    0.00    0.00    0.00    0.00    0.00
07:13:03       2   93.94    0.00    6.06    0.00    0.00    0.00    0.00    0.00    0.00    0.00
07:13:03       3   95.96    0.00    4.04    0.00    0.00    0.00    0.00    0.00    0.00    0.00

07:13:03     CPU    %usr   %nice    %sys %iowait    %irq   %soft  %steal  %guest  %gnice   %idle
07:13:04     all   93.48    0.00    5.76    0.00    0.00    0.50    0.00    0.00    0.00    0.25
07:13:04       0   95.00    0.00    5.00    0.00    0.00    0.00    0.00    0.00    0.00    0.00
07:13:04       1   89.11    0.00    7.92    0.00    0.00    1.98    0.00    0.00    0.00    0.99
07:13:04       2   94.95    0.00    5.05    0.00    0.00    0.00    0.00    0.00    0.00    0.00
07:13:04       3   94.95    0.00    5.05    0.00    0.00    0.00    0.00    0.00    0.00    0.00

07:13:04     CPU    %usr   %nice    %sys %iowait    %irq   %soft  %steal  %guest  %gnice   %idle
07:13:05     all   93.77    0.00    4.99    0.00    0.00    0.50    0.00    0.00    0.00    0.75
07:13:05       0   94.95    0.00    4.04    0.00    0.00    0.00    0.00    0.00    0.00    1.01
07:13:05       1   93.88    0.00    6.12    0.00    0.00    0.00    0.00    0.00    0.00    0.00
07:13:05       2   92.16    0.00    5.88    0.00    0.00    0.98    0.00    0.00    0.00    0.98
07:13:05       3   94.12    0.00    3.92    0.00    0.00    0.98    0.00    0.00    0.00    0.98

07:13:05     CPU    %usr   %nice    %sys %iowait    %irq   %soft  %steal  %guest  %gnice   %idle
07:13:06     all   93.75    0.00    5.25    0.00    0.00    0.25    0.00    0.00    0.00    0.75
07:13:06       0   96.00    0.00    4.00    0.00    0.00    0.00    0.00    0.00    0.00    0.00
07:13:06       1   91.09    0.00    5.94    0.00    0.00    0.99    0.00    0.00    0.00    1.98
07:13:06       2   95.00    0.00    5.00    0.00    0.00    0.00    0.00    0.00    0.00    0.00
07:13:06       3   92.93    0.00    6.06    0.00    0.00    0.00    0.00    0.00    0.00    1.01

07:13:06     CPU    %usr   %nice    %sys %iowait    %irq   %soft  %steal  %guest  %gnice   %idle
07:13:07     all   92.46    0.00    6.28    0.00    0.00    0.25    0.00    0.00    0.00    1.01
07:13:07       0   93.94    0.00    5.05    0.00    0.00    0.00    0.00    0.00    0.00    1.01
07:13:07       1   92.00    0.00    7.00    0.00    0.00    0.00    0.00    0.00    0.00    1.00
07:13:07       2   91.92    0.00    7.07    0.00    0.00    0.00    0.00    0.00    0.00    1.01
07:13:07       3   92.00    0.00    6.00    0.00    0.00    1.00    0.00    0.00    0.00    1.00

07:13:07     CPU    %usr   %nice    %sys %iowait    %irq   %soft  %steal  %guest  %gnice   %idle
07:13:08     all   89.14    0.00    6.57    0.25    0.00    0.51    0.00    0.00    0.00    3.54
07:13:08       0   88.89    0.00    6.06    0.00    0.00    1.01    0.00    0.00    0.00    4.04
07:13:08       1   92.86    0.00    5.10    0.00    0.00    0.00    0.00    0.00    0.00    2.04
07:13:08       2   85.86    0.00    8.08    0.00    0.00    1.01    0.00    0.00    0.00    5.05
07:13:08       3   89.00    0.00    7.00    1.00    0.00    0.00    0.00    0.00    0.00    3.00

07:13:08     CPU    %usr   %nice    %sys %iowait    %irq   %soft  %steal  %guest  %gnice   %idle
07:13:09     all   93.73    0.00    5.26    0.00    0.00    0.25    0.00    0.00    0.00    0.75
07:13:09       0   96.00    0.00    3.00    0.00    0.00    0.00    0.00    0.00    0.00    1.00
07:13:09       1   92.00    0.00    7.00    0.00    0.00    0.00    0.00    0.00    0.00    1.00
07:13:09       2   93.00    0.00    6.00    0.00    0.00    0.00    0.00    0.00    0.00    1.00
07:13:09       3   93.94    0.00    5.05    0.00    0.00    1.01    0.00    0.00    0.00    0.00

07:13:09     CPU    %usr   %nice    %sys %iowait    %irq   %soft  %steal  %guest  %gnice   %idle
07:13:10     all   92.75    0.00    5.75    0.00    0.00    0.75    0.00    0.00    0.00    0.75
07:13:10       0   92.00    0.00    6.00    0.00    0.00    1.00    0.00    0.00    0.00    1.00
07:13:10       1   94.00    0.00    4.00    0.00    0.00    1.00    0.00    0.00    0.00    1.00
07:13:10       2   92.93    0.00    6.06    0.00    0.00    0.00    0.00    0.00    0.00    1.01
07:13:10       3   92.08    0.00    6.93    0.00    0.00    0.99    0.00    0.00    0.00    0.00

07:13:10     CPU    %usr   %nice    %sys %iowait    %irq   %soft  %steal  %guest  %gnice   %idle
07:13:11     all   93.47    0.00    5.28    0.00    0.00    0.50    0.00    0.00    0.00    0.75
07:13:11       0   93.94    0.00    5.05    0.00    0.00    0.00    0.00    0.00    0.00    1.01
07:13:11       1   94.00    0.00    4.00    0.00    0.00    1.00    0.00    0.00    0.00    1.00
07:13:11       2   92.00    0.00    7.00    0.00    0.00    1.00    0.00    0.00    0.00    0.00
07:13:11       3   93.94    0.00    5.05    0.00    0.00    0.00    0.00    0.00    0.00    1.01

07:13:11     CPU    %usr   %nice    %sys %iowait    %irq   %soft  %steal  %guest  %gnice   %idle
07:13:12     all   92.96    0.00    4.27    0.00    0.00    0.25    0.00    0.00    0.00    2.51
07:13:12       0   95.05    0.00    2.97    0.00    0.00    0.99    0.00    0.00    0.00    0.99
07:13:12       1   89.90    0.00    5.05    0.00    0.00    0.00    0.00    0.00    0.00    5.05
07:13:12       2   94.95    0.00    3.03    0.00    0.00    0.00    0.00    0.00    0.00    2.02
07:13:12       3   91.92    0.00    6.06    0.00    0.00    0.00    0.00    0.00    0.00    2.02

07:13:12     CPU    %usr   %nice    %sys %iowait    %irq   %soft  %steal  %guest  %gnice   %idle
07:13:13     all   90.82    0.00    6.45    0.00    0.00    0.74    0.00    0.00    0.00    1.99
07:13:13       0   92.00    0.00    7.00    0.00    0.00    1.00    0.00    0.00    0.00    0.00
07:13:13       1   91.09    0.00    6.93    0.00    0.00    0.99    0.00    0.00    0.00    0.99
07:13:13       2   88.24    0.00    6.86    0.00    0.00    0.98    0.00    0.00    0.00    3.92
07:13:13       3   92.00    0.00    5.00    0.00    0.00    0.00    0.00    0.00    0.00    3.00

07:13:13     CPU    %usr   %nice    %sys %iowait    %irq   %soft  %steal  %guest  %gnice   %idle
07:13:14     all   83.50    0.00    7.87    0.76    0.00    0.25    0.00    0.00    0.00    7.61
07:13:14       0   82.83    0.00    7.07    1.01    0.00    0.00    0.00    0.00    0.00    9.09
07:13:14       1   82.65    0.00    8.16    1.02    0.00    0.00    0.00    0.00    0.00    8.16
07:13:14       2   81.44    0.00    7.22    1.03    0.00    0.00    0.00    0.00    0.00   10.31
07:13:14       3   87.00    0.00    9.00    0.00    0.00    1.00    0.00    0.00    0.00    3.00

07:13:14     CPU    %usr   %nice    %sys %iowait    %irq   %soft  %steal  %guest  %gnice   %idle
07:13:15     all   90.68    0.00    7.05    0.00    0.00    0.25    0.00    0.00    0.00    2.02
07:13:15       0   90.00    0.00    6.00    0.00    0.00    1.00    0.00    0.00    0.00    3.00
07:13:15       1   91.92    0.00    6.06    0.00    0.00    0.00    0.00    0.00    0.00    2.02
07:13:15       2   88.89    0.00    8.08    0.00    0.00    0.00    0.00    0.00    0.00    3.03
07:13:15       3   91.92    0.00    8.08    0.00    0.00    0.00    0.00    0.00    0.00    0.00

07:13:15     CPU    %usr   %nice    %sys %iowait    %irq   %soft  %steal  %guest  %gnice   %idle
07:13:16     all   75.00    0.00    9.85    1.26    0.00    0.76    0.00    0.00    0.00   13.13
07:13:16       0   75.76    0.00    7.07    1.01    0.00    1.01    0.00    0.00    0.00   15.15
07:13:16       1   74.49    0.00    9.18    1.02    0.00    1.02    0.00    0.00    0.00   14.29
07:13:16       2   70.00    0.00   13.00    1.00    0.00    1.00    0.00    0.00    0.00   15.00
07:13:16       3   79.80    0.00   10.10    2.02    0.00    0.00    0.00    0.00    0.00    8.08

07:13:16     CPU    %usr   %nice    %sys %iowait    %irq   %soft  %steal  %guest  %gnice   %idle
07:13:17     all   81.79    0.00   10.77    0.51    0.00    0.26    0.00    0.00    0.00    6.67
07:13:17       0   81.63    0.00   12.24    0.00    0.00    1.02    0.00    0.00    0.00    5.10
07:13:17       1   80.61    0.00   10.20    1.02    0.00    0.00    0.00    0.00    0.00    8.16
07:13:17       2   78.12    0.00   11.46    1.04    0.00    0.00    0.00    0.00    0.00    9.38
07:13:17       3   86.73    0.00    9.18    0.00    0.00    0.00    0.00    0.00    0.00    4.08

07:13:17     CPU    %usr   %nice    %sys %iowait    %irq   %soft  %steal  %guest  %gnice   %idle
07:13:18     all   79.20    0.00   10.78    1.50    0.00    0.75    0.00    0.00    0.00    7.77
07:13:18       0   73.00    0.00   13.00    1.00    0.00    1.00    0.00    0.00    0.00   12.00
07:13:18       1   82.65    0.00    8.16    2.04    0.00    0.00    0.00    0.00    0.00    7.14
07:13:18       2   80.20    0.00   12.87    0.99    0.00    0.99    0.00    0.00    0.00    4.95
07:13:18       3   81.00    0.00    9.00    2.00    0.00    1.00    0.00    0.00    0.00    7.00

07:13:18     CPU    %usr   %nice    %sys %iowait    %irq   %soft  %steal  %guest  %gnice   %idle
07:13:19     all   78.01    0.00    7.93    1.28    0.00    0.51    0.00    0.00    0.00   12.28
07:13:19       0   65.98    0.00    8.25    1.03    0.00    1.03    0.00    0.00    0.00   23.71
07:13:19       1   78.35    0.00    8.25    2.06    0.00    1.03    0.00    0.00    0.00   10.31
07:13:19       2   81.63    0.00    9.18    1.02    0.00    0.00    0.00    0.00    0.00    8.16
07:13:19       3   85.86    0.00    6.06    1.01    0.00    0.00    0.00    0.00    0.00    7.07

07:13:19     CPU    %usr   %nice    %sys %iowait    %irq   %soft  %steal  %guest  %gnice   %idle
07:13:20     all   90.18    0.00    6.05    0.25    0.00    0.50    0.00    0.00    0.00    3.02
07:13:20       0   91.92    0.00    7.07    0.00    0.00    0.00    0.00    0.00    0.00    1.01
07:13:20       1   91.00    0.00    5.00    1.00    0.00    0.00    0.00    0.00    0.00    3.00
07:13:20       2   90.00    0.00    6.00    0.00    0.00    1.00    0.00    0.00    0.00    3.00
07:13:20       3   87.76    0.00    6.12    0.00    0.00    1.02    0.00    0.00    0.00    5.10

07:13:20     CPU    %usr   %nice    %sys %iowait    %irq   %soft  %steal  %guest  %gnice   %idle
07:13:21     all   85.93    0.00    5.53    0.50    0.00    0.75    0.00    0.00    0.00    7.29
07:13:21       0   84.00    0.00    6.00    1.00    0.00    1.00    0.00    0.00    0.00    8.00
07:13:21       1   91.84    0.00    6.12    0.00    0.00    0.00    0.00    0.00    0.00    2.04
07:13:21       2   84.16    0.00    4.95    0.99    0.00    0.99    0.00    0.00    0.00    8.91
07:13:21       3   83.84    0.00    5.05    0.00    0.00    1.01    0.00    0.00    0.00   10.10
