Linux 6.17.0-1019-aws (ip-172-31-34-148) 	07/23/26 	_x86_64_	(4 CPU)

07:11:15     CPU    %usr   %nice    %sys %iowait    %irq   %soft  %steal  %guest  %gnice   %idle
07:11:16     all   74.81    0.00    5.09    0.00    0.00    0.00    0.00    0.00    0.00   20.10
07:11:16       0   67.01    0.00    4.12    0.00    0.00    0.00    0.00    0.00    0.00   28.87
07:11:16       1   85.86    0.00   10.10    0.00    0.00    0.00    0.00    0.00    0.00    4.04
07:11:16       2   69.39    0.00    2.04    0.00    0.00    0.00    0.00    0.00    0.00   28.57
07:11:16       3   76.77    0.00    4.04    0.00    0.00    0.00    0.00    0.00    0.00   19.19

07:11:16     CPU    %usr   %nice    %sys %iowait    %irq   %soft  %steal  %guest  %gnice   %idle
07:11:17     all   83.80    0.00    3.60    0.00    0.00    0.26    0.00    0.00    0.00   12.34
07:11:17       0   83.51    0.00    3.09    0.00    0.00    1.03    0.00    0.00    0.00   12.37
07:11:17       1   84.54    0.00    3.09    0.00    0.00    0.00    0.00    0.00    0.00   12.37
07:11:17       2   82.65    0.00    4.08    0.00    0.00    0.00    0.00    0.00    0.00   13.27
07:11:17       3   84.54    0.00    4.12    0.00    0.00    0.00    0.00    0.00    0.00   11.34

07:11:17     CPU    %usr   %nice    %sys %iowait    %irq   %soft  %steal  %guest  %gnice   %idle
07:11:18     all   50.39    0.00    4.11    0.51    0.00    0.77    0.00    0.00    0.00   44.22
07:11:18       0   50.53    0.00    4.21    0.00    0.00    0.00    0.00    0.00    0.00   45.26
07:11:18       1   48.48    0.00    4.04    1.01    0.00    1.01    0.00    0.00    0.00   45.45
07:11:18       2   50.53    0.00    3.16    0.00    0.00    1.05    0.00    0.00    0.00   45.26
07:11:18       3   52.00    0.00    5.00    1.00    0.00    1.00    0.00    0.00    0.00   41.00

07:11:18     CPU    %usr   %nice    %sys %iowait    %irq   %soft  %steal  %guest  %gnice   %idle
07:11:19     all   47.56    0.00    3.86    0.51    0.00    0.51    0.00    0.00    0.00   47.56
07:11:19       0   50.51    0.00    4.04    1.01    0.00    1.01    0.00    0.00    0.00   43.43
07:11:19       1   44.21    0.00    5.26    0.00    0.00    0.00    0.00    0.00    0.00   50.53
07:11:19       2   45.92    0.00    4.08    1.02    0.00    0.00    0.00    0.00    0.00   48.98
07:11:19       3   49.48    0.00    2.06    0.00    0.00    1.03    0.00    0.00    0.00   47.42

07:11:19     CPU    %usr   %nice    %sys %iowait    %irq   %soft  %steal  %guest  %gnice   %idle
07:11:20     all   54.12    0.00    4.12    0.26    0.00    0.77    0.00    0.00    0.00   40.72
07:11:20       0   50.00    0.00    5.10    0.00    0.00    1.02    0.00    0.00    0.00   43.88
07:11:20       1   57.14    0.00    4.08    1.02    0.00    1.02    0.00    0.00    0.00   36.73
07:11:20       2   53.12    0.00    4.17    0.00    0.00    1.04    0.00    0.00    0.00   41.67
07:11:20       3   56.25    0.00    3.12    0.00    0.00    0.00    0.00    0.00    0.00   40.62

07:11:20     CPU    %usr   %nice    %sys %iowait    %irq   %soft  %steal  %guest  %gnice   %idle
07:11:21     all   48.44    0.00    5.21    0.52    0.00    0.00    0.00    0.00    0.00   45.83
07:11:21       0   44.21    0.00    4.21    0.00    0.00    0.00    0.00    0.00    0.00   51.58
07:11:21       1   44.68    0.00    4.26    0.00    0.00    0.00    0.00    0.00    0.00   51.06
07:11:21       2   48.45    0.00    4.12    1.03    0.00    0.00    0.00    0.00    0.00   46.39
07:11:21       3   56.12    0.00    8.16    1.02    0.00    0.00    0.00    0.00    0.00   34.69

07:11:21     CPU    %usr   %nice    %sys %iowait    %irq   %soft  %steal  %guest  %gnice   %idle
07:11:22     all   41.56    0.00    2.60    0.52    0.00    0.52    0.00    0.00    0.00   54.81
07:11:22       0   43.30    0.00    3.09    1.03    0.00    0.00    0.00    0.00    0.00   52.58
07:11:22       1   38.78    0.00    3.06    1.02    0.00    1.02    0.00    0.00    0.00   56.12
07:11:22       2   48.94    0.00    1.06    0.00    0.00    0.00    0.00    0.00    0.00   50.00
07:11:22       3   35.42    0.00    3.12    0.00    0.00    1.04    0.00    0.00    0.00   60.42

07:11:22     CPU    %usr   %nice    %sys %iowait    %irq   %soft  %steal  %guest  %gnice   %idle
07:11:23     all   39.64    0.00    2.85    0.52    0.00    0.52    0.00    0.00    0.00   56.48
07:11:23       0   38.95    0.00    2.11    0.00    0.00    1.05    0.00    0.00    0.00   57.89
07:11:23       1   36.46    0.00    3.12    0.00    0.00    1.04    0.00    0.00    0.00   59.38
07:11:23       2   38.14    0.00    3.09    1.03    0.00    0.00    0.00    0.00    0.00   57.73
07:11:23       3   44.90    0.00    3.06    1.02    0.00    0.00    0.00    0.00    0.00   51.02

07:11:23     CPU    %usr   %nice    %sys %iowait    %irq   %soft  %steal  %guest  %gnice   %idle
07:11:24     all   43.38    0.00    2.86    0.52    0.00    0.26    0.00    0.00    0.00   52.99
07:11:24       0   38.14    0.00    3.09    1.03    0.00    0.00    0.00    0.00    0.00   57.73
07:11:24       1   43.16    0.00    1.05    1.05    0.00    0.00    0.00    0.00    0.00   54.74
07:11:24       2   34.38    0.00    4.17    0.00    0.00    1.04    0.00    0.00    0.00   60.42
07:11:24       3   57.73    0.00    3.09    0.00    0.00    0.00    0.00    0.00    0.00   39.18

07:11:24     CPU    %usr   %nice    %sys %iowait    %irq   %soft  %steal  %guest  %gnice   %idle
07:11:25     all   43.48    0.00    3.07    0.26    0.00    1.02    0.00    0.00    0.00   52.17
07:11:25       0   36.46    0.00    3.12    0.00    0.00    1.04    0.00    0.00    0.00   59.38
07:11:25       1   40.62    0.00    4.17    0.00    0.00    1.04    0.00    0.00    0.00   54.17
07:11:25       2   48.00    0.00    3.00    1.00    0.00    1.00    0.00    0.00    0.00   47.00
07:11:25       3   48.48    0.00    2.02    0.00    0.00    1.01    0.00    0.00    0.00   48.48

07:11:25     CPU    %usr   %nice    %sys %iowait    %irq   %soft  %steal  %guest  %gnice   %idle
07:11:26     all   37.24    0.00    2.34    0.52    0.00    0.00    0.00    0.00    0.00   59.90
07:11:26       0   39.18    0.00    2.06    1.03    0.00    0.00    0.00    0.00    0.00   57.73
07:11:26       1   42.71    0.00    2.08    0.00    0.00    0.00    0.00    0.00    0.00   55.21
07:11:26       2   32.29    0.00    3.12    0.00    0.00    0.00    0.00    0.00    0.00   64.58
07:11:26       3   34.74    0.00    2.11    1.05    0.00    0.00    0.00    0.00    0.00   62.11

07:11:26     CPU    %usr   %nice    %sys %iowait    %irq   %soft  %steal  %guest  %gnice   %idle
07:11:27     all   42.16    0.00    2.83    0.51    0.00    0.26    0.00    0.00    0.00   54.24
07:11:27       0   35.11    0.00    3.19    0.00    0.00    0.00    0.00    0.00    0.00   61.70
07:11:27       1   43.88    0.00    2.04    1.02    0.00    1.02    0.00    0.00    0.00   52.04
07:11:27       2   49.00    0.00    3.00    1.00    0.00    0.00    0.00    0.00    0.00   47.00
07:11:27       3   40.21    0.00    3.09    0.00    0.00    0.00    0.00    0.00    0.00   56.70

07:11:27     CPU    %usr   %nice    %sys %iowait    %irq   %soft  %steal  %guest  %gnice   %idle
07:11:28     all   36.55    0.00    2.35    0.52    0.00    0.52    0.00    0.00    0.00   60.05
07:11:28       0   36.08    0.00    2.06    1.03    0.00    1.03    0.00    0.00    0.00   59.79
07:11:28       1   37.50    0.00    3.12    0.00    0.00    0.00    0.00    0.00    0.00   59.38
07:11:28       2   35.11    0.00    2.13    0.00    0.00    0.00    0.00    0.00    0.00   62.77
07:11:28       3   37.50    0.00    2.08    1.04    0.00    1.04    0.00    0.00    0.00   58.33

07:11:28     CPU    %usr   %nice    %sys %iowait    %irq   %soft  %steal  %guest  %gnice   %idle
07:11:29     all   26.42    0.00    1.81    0.52    0.00    0.00    0.00    0.00    0.00   71.24
07:11:29       0   26.80    0.00    2.06    0.00    0.00    0.00    0.00    0.00    0.00   71.13
07:11:29       1   29.59    0.00    2.04    1.02    0.00    0.00    0.00    0.00    0.00   67.35
07:11:29       2   21.88    0.00    2.08    1.04    0.00    0.00    0.00    0.00    0.00   75.00
07:11:29       3   27.37    0.00    1.05    0.00    0.00    0.00    0.00    0.00    0.00   71.58

07:11:29     CPU    %usr   %nice    %sys %iowait    %irq   %soft  %steal  %guest  %gnice   %idle
07:11:30     all   33.16    0.00    2.07    0.52    0.00    0.00    0.00    0.00    0.00   64.25
07:11:30       0   28.42    0.00    2.11    1.05    0.00    0.00    0.00    0.00    0.00   68.42
07:11:30       1   29.47    0.00    2.11    0.00    0.00    0.00    0.00    0.00    0.00   68.42
07:11:30       2   41.41    0.00    2.02    0.00    0.00    0.00    0.00    0.00    0.00   56.57
07:11:30       3   32.99    0.00    2.06    1.03    0.00    0.00    0.00    0.00    0.00   63.92

07:11:30     CPU    %usr   %nice    %sys %iowait    %irq   %soft  %steal  %guest  %gnice   %idle
07:11:31     all   33.85    0.00    2.84    0.52    0.00    1.03    0.00    0.00    0.00   61.76
07:11:31       0   34.02    0.00    3.09    0.00    0.00    1.03    0.00    0.00    0.00   61.86
07:11:31       1   32.29    0.00    2.08    1.04    0.00    1.04    0.00    0.00    0.00   63.54
07:11:31       2   32.99    0.00    3.09    1.03    0.00    1.03    0.00    0.00    0.00   61.86
07:11:31       3   36.08    0.00    3.09    0.00    0.00    1.03    0.00    0.00    0.00   59.79

07:11:31     CPU    %usr   %nice    %sys %iowait    %irq   %soft  %steal  %guest  %gnice   %idle
07:11:32     all   26.44    0.00    1.83    1.31    0.00    0.00    0.00    0.00    0.00   70.42
07:11:32       0   28.42    0.00    1.05    1.05    0.00    0.00    0.00    0.00    0.00   69.47
07:11:32       1   27.37    0.00    2.11    1.05    0.00    0.00    0.00    0.00    0.00   69.47
07:11:32       2   24.21    0.00    2.11    1.05    0.00    0.00    0.00    0.00    0.00   72.63
07:11:32       3   25.77    0.00    2.06    2.06    0.00    0.00    0.00    0.00    0.00   70.10

07:11:32     CPU    %usr   %nice    %sys %iowait    %irq   %soft  %steal  %guest  %gnice   %idle
07:11:33     all   36.18    0.00    2.07    0.78    0.00    0.00    0.00    0.00    0.00   60.98
07:11:33       0   34.02    0.00    3.09    1.03    0.00    0.00    0.00    0.00    0.00   61.86
07:11:33       1   45.92    0.00    2.04    1.02    0.00    0.00    0.00    0.00    0.00   51.02
07:11:33       2   26.80    0.00    2.06    1.03    0.00    0.00    0.00    0.00    0.00   70.10
07:11:33       3   37.89    0.00    1.05    0.00    0.00    0.00    0.00    0.00    0.00   61.05

07:11:33     CPU    %usr   %nice    %sys %iowait    %irq   %soft  %steal  %guest  %gnice   %idle
07:11:34     all   38.40    0.00    2.32    0.26    0.00    0.00    0.00    0.00    0.00   59.02
07:11:34       0   43.30    0.00    2.06    0.00    0.00    0.00    0.00    0.00    0.00   54.64
07:11:34       1   36.08    0.00    3.09    0.00    0.00    0.00    0.00    0.00    0.00   60.82
07:11:34       2   41.24    0.00    2.06    0.00    0.00    0.00    0.00    0.00    0.00   56.70
07:11:34       3   32.99    0.00    2.06    1.03    0.00    0.00    0.00    0.00    0.00   63.92

07:11:34     CPU    %usr   %nice    %sys %iowait    %irq   %soft  %steal  %guest  %gnice   %idle
07:11:35     all   27.53    0.00    2.08    0.78    0.00    0.00    0.00    0.00    0.00   69.61
07:11:35       0   26.32    0.00    2.11    1.05    0.00    0.00    0.00    0.00    0.00   70.53
07:11:35       1   29.59    0.00    2.04    1.02    0.00    0.00    0.00    0.00    0.00   67.35
07:11:35       2   22.68    0.00    2.06    1.03    0.00    0.00    0.00    0.00    0.00   74.23
07:11:35       3   31.58    0.00    2.11    0.00    0.00    0.00    0.00    0.00    0.00   66.32
