Linux 7.0.0-1006-aws (ip-172-31-28-187) 	06/20/26 	_x86_64_	(16 CPU)

19:49:56     CPU    %usr   %nice    %sys %iowait    %irq   %soft  %steal  %guest  %gnice   %idle
19:49:57     all   38.94    0.00    3.86    0.19    0.00    0.13    0.00    0.00    0.00   56.89
19:49:57       0   44.44    0.00    2.02    0.00    0.00    0.00    0.00    0.00    0.00   53.54
19:49:57       1   40.40    0.00    3.03    0.00    0.00    0.00    0.00    0.00    0.00   56.57
19:49:57       2   34.65    0.00    3.96    0.99    0.00    0.00    0.00    0.00    0.00   60.40
19:49:57       3   36.36    0.00    2.02    0.00    0.00    0.00    0.00    0.00    0.00   61.62
19:49:57       4   33.33    0.00    2.02    0.00    0.00    0.00    0.00    0.00    0.00   64.65
19:49:57       5   36.73    0.00    3.06    1.02    0.00    0.00    0.00    0.00    0.00   59.18
19:49:57       6   45.92    0.00    2.04    0.00    0.00    0.00    0.00    0.00    0.00   52.04
19:49:57       7   41.84    0.00    2.04    0.00    0.00    0.00    0.00    0.00    0.00   56.12
19:49:57       8   40.40    0.00    2.02    1.01    0.00    0.00    0.00    0.00    0.00   56.57
19:49:57       9   34.34    0.00    2.02    0.00    0.00    0.00    0.00    0.00    0.00   63.64
19:49:57      10   29.59    0.00    2.04    0.00    0.00    0.00    0.00    0.00    0.00   68.37
19:49:57      11   44.90    0.00    2.04    0.00    0.00    0.00    0.00    0.00    0.00   53.06
19:49:57      12   47.47    0.00   26.26    0.00    0.00    1.01    0.00    0.00    0.00   25.25
19:49:57      13   34.00    0.00    2.00    0.00    0.00    1.00    0.00    0.00    0.00   63.00
19:49:57      14   34.69    0.00    3.06    0.00    0.00    0.00    0.00    0.00    0.00   62.24
19:49:57      15   44.00    0.00    2.00    0.00    0.00    0.00    0.00    0.00    0.00   54.00

19:49:57     CPU    %usr   %nice    %sys %iowait    %irq   %soft  %steal  %guest  %gnice   %idle
19:49:58     all   29.63    0.00    2.57    0.00    0.00    0.31    0.00    0.00    0.00   67.48
19:49:58       0   31.00    0.00    4.00    0.00    0.00    0.00    0.00    0.00    0.00   65.00
19:49:58       1   22.77    0.00    1.98    0.00    0.00    0.99    0.00    0.00    0.00   74.26
19:49:58       2   29.00    0.00    3.00    0.00    0.00    0.00    0.00    0.00    0.00   68.00
19:49:58       3   20.41    0.00    2.04    0.00    0.00    0.00    0.00    0.00    0.00   77.55
19:49:58       4   31.00    0.00    1.00    0.00    0.00    0.00    0.00    0.00    0.00   68.00
19:49:58       5   25.00    0.00    3.00    0.00    0.00    1.00    0.00    0.00    0.00   71.00
19:49:58       6   21.00    0.00    4.00    0.00    0.00    0.00    0.00    0.00    0.00   75.00
19:49:58       7  100.00    0.00    0.00    0.00    0.00    0.00    0.00    0.00    0.00    0.00
19:49:58       8   23.00    0.00    3.00    0.00    0.00    1.00    0.00    0.00    0.00   73.00
19:49:58       9   40.40    0.00    1.01    0.00    0.00    0.00    0.00    0.00    0.00   58.59
19:49:58      10   15.15    0.00    4.04    0.00    0.00    0.00    0.00    0.00    0.00   80.81
19:49:58      11   22.00    0.00    3.00    0.00    0.00    1.00    0.00    0.00    0.00   74.00
19:49:58      12   30.61    0.00    3.06    0.00    0.00    0.00    0.00    0.00    0.00   66.33
19:49:58      13   17.17    0.00    3.03    0.00    0.00    0.00    0.00    0.00    0.00   79.80
19:49:58      14   22.22    0.00    3.03    0.00    0.00    0.00    0.00    0.00    0.00   74.75
19:49:58      15   23.00    0.00    2.00    0.00    0.00    1.00    0.00    0.00    0.00   74.00

19:49:58     CPU    %usr   %nice    %sys %iowait    %irq   %soft  %steal  %guest  %gnice   %idle
19:49:59     all   50.10    0.00    3.61    0.52    0.00    0.13    0.00    0.00    0.00   45.65
19:49:59       0   40.00    0.00    6.32    2.11    0.00    0.00    0.00    0.00    0.00   51.58
19:49:59       1   53.61    0.00    2.06    1.03    0.00    0.00    0.00    0.00    0.00   43.30
19:49:59       2   38.54    0.00    7.29    0.00    0.00    1.04    0.00    0.00    0.00   53.12
19:49:59       3   41.67    0.00    3.12    0.00    0.00    0.00    0.00    0.00    0.00   55.21
19:49:59       4   45.26    0.00    3.16    0.00    0.00    0.00    0.00    0.00    0.00   51.58
19:49:59       5   55.67    0.00    1.03    0.00    0.00    0.00    0.00    0.00    0.00   43.30
19:49:59       6   46.88    0.00    3.12    2.08    0.00    0.00    0.00    0.00    0.00   47.92
19:49:59       7   46.32    0.00    2.11    1.05    0.00    0.00    0.00    0.00    0.00   50.53
19:49:59       8   47.47    0.00    5.05    0.00    0.00    0.00    0.00    0.00    0.00   47.47
19:49:59       9   46.39    0.00    4.12    2.06    0.00    0.00    0.00    0.00    0.00   47.42
19:49:59      10   40.82    0.00    7.14    0.00    0.00    1.02    0.00    0.00    0.00   51.02
19:49:59      11   47.96    0.00    4.08    0.00    0.00    0.00    0.00    0.00    0.00   47.96
19:49:59      12   94.00    0.00    2.00    0.00    0.00    0.00    0.00    0.00    0.00    4.00
19:49:59      13   54.64    0.00    3.09    0.00    0.00    0.00    0.00    0.00    0.00   42.27
19:49:59      14   42.71    0.00    2.08    0.00    0.00    0.00    0.00    0.00    0.00   55.21
19:49:59      15   57.58    0.00    2.02    0.00    0.00    0.00    0.00    0.00    0.00   40.40

19:49:59     CPU    %usr   %nice    %sys %iowait    %irq   %soft  %steal  %guest  %gnice   %idle
19:50:00     all   39.63    0.00    1.95    0.00    0.00    0.19    0.00    0.00    0.00   58.22
19:50:00       0   22.22    0.00    2.02    0.00    0.00    1.01    0.00    0.00    0.00   74.75
19:50:00       1   43.43    0.00    2.02    0.00    0.00    0.00    0.00    0.00    0.00   54.55
19:50:00       2   22.45    0.00    1.02    0.00    0.00    0.00    0.00    0.00    0.00   76.53
19:50:00       3   26.26    0.00    3.03    0.00    0.00    1.01    0.00    0.00    0.00   69.70
19:50:00       4   36.63    0.00    2.97    0.00    0.00    0.00    0.00    0.00    0.00   60.40
19:50:00       5   38.00    0.00    2.00    0.00    0.00    0.00    0.00    0.00    0.00   60.00
19:50:00       6   29.29    0.00    2.02    0.00    0.00    0.00    0.00    0.00    0.00   68.69
19:50:00       7   30.30    0.00    3.03    0.00    0.00    0.00    0.00    0.00    0.00   66.67
19:50:00       8   49.00    0.00    2.00    0.00    0.00    0.00    0.00    0.00    0.00   49.00
19:50:00       9   34.69    0.00    2.04    0.00    0.00    0.00    0.00    0.00    0.00   63.27
19:50:00      10   57.58    0.00    1.01    0.00    0.00    0.00    0.00    0.00    0.00   41.41
19:50:00      11   21.21    0.00    2.02    0.00    0.00    1.01    0.00    0.00    0.00   75.76
19:50:00      12  100.00    0.00    0.00    0.00    0.00    0.00    0.00    0.00    0.00    0.00
19:50:00      13   52.00    0.00    2.00    0.00    0.00    0.00    0.00    0.00    0.00   46.00
19:50:00      14   46.46    0.00    2.02    0.00    0.00    0.00    0.00    0.00    0.00   51.52
19:50:00      15   23.47    0.00    2.04    0.00    0.00    0.00    0.00    0.00    0.00   74.49

19:50:00     CPU    %usr   %nice    %sys %iowait    %irq   %soft  %steal  %guest  %gnice   %idle
19:50:01     all   42.40    0.00    3.31    0.13    0.00    0.32    0.00    0.00    0.00   53.85
19:50:01       0   49.49    0.00    7.07    0.00    0.00    0.00    0.00    0.00    0.00   43.43
19:50:01       1   40.40    0.00    4.04    0.00    0.00    0.00    0.00    0.00    0.00   55.56
19:50:01       2   25.77    0.00    4.12    0.00    0.00    1.03    0.00    0.00    0.00   69.07
19:50:01       3   43.75    0.00    5.21    0.00    0.00    0.00    0.00    0.00    0.00   51.04
19:50:01       4   38.38    0.00    2.02    0.00    0.00    1.01    0.00    0.00    0.00   58.59
19:50:01       5   36.73    0.00    4.08    0.00    0.00    0.00    0.00    0.00    0.00   59.18
19:50:01       6   47.47    0.00    2.02    0.00    0.00    0.00    0.00    0.00    0.00   50.51
19:50:01       7   32.65    0.00    4.08    0.00    0.00    1.02    0.00    0.00    0.00   62.24
19:50:01       8   46.00    0.00    2.00    0.00    0.00    0.00    0.00    0.00    0.00   52.00
19:50:01       9   40.21    0.00    2.06    0.00    0.00    0.00    0.00    0.00    0.00   57.73
19:50:01      10   29.59    0.00    3.06    0.00    0.00    1.02    0.00    0.00    0.00   66.33
19:50:01      11   45.92    0.00    2.04    0.00    0.00    0.00    0.00    0.00    0.00   52.04
19:50:01      12   77.55    0.00    1.02    0.00    0.00    0.00    0.00    0.00    0.00   21.43
19:50:01      13   31.96    0.00    4.12    1.03    0.00    0.00    0.00    0.00    0.00   62.89
19:50:01      14   36.00    0.00    4.00    1.00    0.00    1.00    0.00    0.00    0.00   58.00
19:50:01      15   56.00    0.00    2.00    0.00    0.00    0.00    0.00    0.00    0.00   42.00

19:50:01     CPU    %usr   %nice    %sys %iowait    %irq   %soft  %steal  %guest  %gnice   %idle
19:50:02     all   32.38    0.00    1.56    0.26    0.00    0.13    0.00    0.00    0.00   65.67
19:50:02       0   49.00    0.00    1.00    0.00    0.00    1.00    0.00    0.00    0.00   49.00
19:50:02       1   33.68    0.00    1.05    0.00    0.00    0.00    0.00    0.00    0.00   65.26
19:50:02       2   20.21    0.00    1.06    0.00    0.00    0.00    0.00    0.00    0.00   78.72
19:50:02       3   34.38    0.00    3.12    0.00    0.00    0.00    0.00    0.00    0.00   62.50
19:50:02       4   30.53    0.00    1.05    1.05    0.00    0.00    0.00    0.00    0.00   67.37
19:50:02       5   22.34    0.00    1.06    0.00    0.00    0.00    0.00    0.00    0.00   76.60
19:50:02       6   30.21    0.00    1.04    0.00    0.00    0.00    0.00    0.00    0.00   68.75
19:50:02       7   18.75    0.00    2.08    0.00    0.00    0.00    0.00    0.00    0.00   79.17
19:50:02       8   37.76    0.00    1.02    0.00    0.00    1.02    0.00    0.00    0.00   60.20
19:50:02       9   26.09    0.00    1.09    1.09    0.00    0.00    0.00    0.00    0.00   71.74
19:50:02      10    9.57    0.00    3.19    0.00    0.00    0.00    0.00    0.00    0.00   87.23
19:50:02      11   27.55    0.00    2.04    1.02    0.00    0.00    0.00    0.00    0.00   69.39
19:50:02      12   14.74    0.00    2.11    1.05    0.00    0.00    0.00    0.00    0.00   82.11
19:50:02      13   14.43    0.00    2.06    0.00    0.00    0.00    0.00    0.00    0.00   83.51
19:50:02      14   44.21    0.00    2.11    0.00    0.00    0.00    0.00    0.00    0.00   53.68
19:50:02      15  100.00    0.00    0.00    0.00    0.00    0.00    0.00    0.00    0.00    0.00

19:50:02     CPU    %usr   %nice    %sys %iowait    %irq   %soft  %steal  %guest  %gnice   %idle
19:50:03     all   29.78    0.00    1.89    1.07    0.00    0.13    0.00    0.00    0.00   67.13
19:50:03       0    8.16    0.00    2.04    0.00    0.00    0.00    0.00    0.00    0.00   89.80
19:50:03       1   32.32    0.00    1.01    0.00    0.00    0.00    0.00    0.00    0.00   66.67
19:50:03       2   26.53    0.00    3.06    4.08    0.00    0.00    0.00    0.00    0.00   66.33
19:50:03       3   22.22    0.00    1.01    0.00    0.00    0.00    0.00    0.00    0.00   76.77
19:50:03       4   25.00    0.00    2.00    0.00    0.00    0.00    0.00    0.00    0.00   73.00
19:50:03       5   36.36    0.00    0.00    0.00    0.00    0.00    0.00    0.00    0.00   63.64
19:50:03       6   22.77    0.00    4.95    3.96    0.00    0.99    0.00    0.00    0.00   67.33
19:50:03       7   45.45    0.00    2.02    0.00    0.00    0.00    0.00    0.00    0.00   52.53
19:50:03       8    5.10    0.00    2.04    0.00    0.00    0.00    0.00    0.00    0.00   92.86
19:50:03       9   38.00    0.00    3.00    3.00    0.00    1.00    0.00    0.00    0.00   55.00
19:50:03      10   27.00    0.00    1.00    0.00    0.00    0.00    0.00    0.00    0.00   72.00
19:50:03      11   13.13    0.00    1.01    0.00    0.00    0.00    0.00    0.00    0.00   85.86
19:50:03      12   48.00    0.00    2.00    0.00    0.00    0.00    0.00    0.00    0.00   50.00
19:50:03      13   17.35    0.00    4.08    6.12    0.00    0.00    0.00    0.00    0.00   72.45
19:50:03      14    7.22    0.00    1.03    0.00    0.00    0.00    0.00    0.00    0.00   91.75
19:50:03      15  100.00    0.00    0.00    0.00    0.00    0.00    0.00    0.00    0.00    0.00

19:50:03     CPU    %usr   %nice    %sys %iowait    %irq   %soft  %steal  %guest  %gnice   %idle
19:50:04     all   22.26    0.00    2.55    1.59    0.00    0.19    0.00    0.00    0.00   73.41
19:50:04       0   19.39    0.00    1.02    3.06    0.00    0.00    0.00    0.00    0.00   76.53
19:50:04       1   14.29    0.00    5.10    8.16    0.00    0.00    0.00    0.00    0.00   72.45
19:50:04       2   15.15    0.00    2.02    0.00    0.00    0.00    0.00    0.00    0.00   82.83
19:50:04       3   10.20    0.00    2.04    0.00    0.00    1.02    0.00    0.00    0.00   86.73
19:50:04       4   10.20    0.00    3.06    1.02    0.00    0.00    0.00    0.00    0.00   85.71
19:50:04       5   19.59    0.00    2.06    3.09    0.00    1.03    0.00    0.00    0.00   74.23
19:50:04       6   23.71    0.00    3.09    0.00    0.00    0.00    0.00    0.00    0.00   73.20
19:50:04       7    8.08    0.00    2.02    1.01    0.00    0.00    0.00    0.00    0.00   88.89
19:50:04       8   14.43    0.00    2.06    0.00    0.00    0.00    0.00    0.00    0.00   83.51
19:50:04       9   15.15    0.00    2.02    0.00    0.00    0.00    0.00    0.00    0.00   82.83
19:50:04      10   19.59    0.00    1.03    0.00    0.00    0.00    0.00    0.00    0.00   79.38
19:50:04      11   12.24    0.00    2.04    0.00    0.00    0.00    0.00    0.00    0.00   85.71
19:50:04      12   32.65    0.00    4.08    0.00    0.00    0.00    0.00    0.00    0.00   63.27
19:50:04      13   15.46    0.00    5.15    4.12    0.00    1.03    0.00    0.00    0.00   74.23
19:50:04      14   24.49    0.00    4.08    5.10    0.00    0.00    0.00    0.00    0.00   66.33
19:50:04      15  100.00    0.00    0.00    0.00    0.00    0.00    0.00    0.00    0.00    0.00

19:50:04     CPU    %usr   %nice    %sys %iowait    %irq   %soft  %steal  %guest  %gnice   %idle
19:50:05     all   27.93    0.00    1.32    0.13    0.00    0.19    0.00    0.00    0.00   70.43
19:50:05       0   23.47    0.00    2.04    0.00    0.00    0.00    0.00    0.00    0.00   74.49
19:50:05       1   28.57    0.00    1.02    0.00    0.00    0.00    0.00    0.00    0.00   70.41
19:50:05       2   39.00    0.00    2.00    0.00    0.00    0.00    0.00    0.00    0.00   59.00
19:50:05       3   11.00    0.00    2.00    1.00    0.00    0.00    0.00    0.00    0.00   86.00
19:50:05       4   14.14    0.00    1.01    0.00    0.00    0.00    0.00    0.00    0.00   84.85
19:50:05       5   22.22    0.00    1.01    0.00    0.00    0.00    0.00    0.00    0.00   76.77
19:50:05       6   31.63    0.00    1.02    0.00    0.00    0.00    0.00    0.00    0.00   67.35
19:50:05       7   48.98    0.00    1.02    0.00    0.00    0.00    0.00    0.00    0.00   50.00
19:50:05       8   16.00    0.00    2.00    0.00    0.00    1.00    0.00    0.00    0.00   81.00
19:50:05       9   28.28    0.00    1.01    0.00    0.00    0.00    0.00    0.00    0.00   70.71
19:50:05      10   34.31    0.00    0.98    0.98    0.00    0.98    0.00    0.00    0.00   62.75
19:50:05      11   36.08    0.00    1.03    0.00    0.00    0.00    0.00    0.00    0.00   62.89
19:50:05      12   13.27    0.00    1.02    0.00    0.00    0.00    0.00    0.00    0.00   85.71
19:50:05      13   20.20    0.00    2.02    0.00    0.00    0.00    0.00    0.00    0.00   77.78
19:50:05      14   21.78    0.00    0.99    0.00    0.00    0.99    0.00    0.00    0.00   76.24
19:50:05      15   58.00    0.00    1.00    0.00    0.00    0.00    0.00    0.00    0.00   41.00

19:50:05     CPU    %usr   %nice    %sys %iowait    %irq   %soft  %steal  %guest  %gnice   %idle
19:50:06     all   35.49    0.00    2.05    0.06    0.00    0.26    0.00    0.00    0.00   62.13
19:50:06       0   27.08    0.00    2.08    0.00    0.00    1.04    0.00    0.00    0.00   69.79
19:50:06       1   24.49    0.00    3.06    0.00    0.00    0.00    0.00    0.00    0.00   72.45
19:50:06       2   29.90    0.00    3.09    0.00    0.00    0.00    0.00    0.00    0.00   67.01
19:50:06       3   46.46    0.00    1.01    0.00    0.00    1.01    0.00    0.00    0.00   51.52
19:50:06       4   29.17    0.00    2.08    0.00    0.00    0.00    0.00    0.00    0.00   68.75
19:50:06       5   34.69    0.00    3.06    0.00    0.00    0.00    0.00    0.00    0.00   62.24
19:50:06       6   17.53    0.00    3.09    0.00    0.00    0.00    0.00    0.00    0.00   79.38
19:50:06       7   31.25    0.00    1.04    0.00    0.00    0.00    0.00    0.00    0.00   67.71
19:50:06       8   26.04    0.00    1.04    0.00    0.00    0.00    0.00    0.00    0.00   72.92
19:50:06       9   46.94    0.00    1.02    0.00    0.00    0.00    0.00    0.00    0.00   52.04
19:50:06      10   45.92    0.00    3.06    0.00    0.00    0.00    0.00    0.00    0.00   51.02
19:50:06      11   16.49    0.00    2.06    0.00    0.00    1.03    0.00    0.00    0.00   80.41
19:50:06      12   29.00    0.00    3.00    1.00    0.00    1.00    0.00    0.00    0.00   66.00
19:50:06      13   26.80    0.00    1.03    0.00    0.00    0.00    0.00    0.00    0.00   72.16
19:50:06      14   51.04    0.00    2.08    0.00    0.00    0.00    0.00    0.00    0.00   46.88
19:50:06      15   83.84    0.00    1.01    0.00    0.00    0.00    0.00    0.00    0.00   15.15

19:50:06     CPU    %usr   %nice    %sys %iowait    %irq   %soft  %steal  %guest  %gnice   %idle
19:50:07     all   16.30    0.00    1.38    1.20    0.00    0.00    0.00    0.00    0.00   81.12
19:50:07       0    6.00    0.00    2.00    0.00    0.00    0.00    0.00    0.00    0.00   92.00
19:50:07       1   27.27    0.00    1.01    0.00    0.00    0.00    0.00    0.00    0.00   71.72
19:50:07       2   12.12    0.00    1.01    0.00    0.00    0.00    0.00    0.00    0.00   86.87
19:50:07       3   14.29    0.00    3.06    4.08    0.00    0.00    0.00    0.00    0.00   78.57
19:50:07       4    9.00    0.00    1.00    0.00    0.00    0.00    0.00    0.00    0.00   90.00
19:50:07       5   16.16    0.00    1.01    0.00    0.00    0.00    0.00    0.00    0.00   82.83
19:50:07       6    7.00    0.00    2.00    0.00    0.00    0.00    0.00    0.00    0.00   91.00
19:50:07       7   34.02    0.00    0.00    0.00    0.00    0.00    0.00    0.00    0.00   65.98
19:50:07       8    1.98    0.00    1.98    0.99    0.00    0.00    0.00    0.00    0.00   95.05
19:50:07       9    4.04    0.00    1.01    0.00    0.00    0.00    0.00    0.00    0.00   94.95
19:50:07      10    4.08    0.00    2.04   11.22    0.00    0.00    0.00    0.00    0.00   82.65
19:50:07      11   12.00    0.00    2.00    0.00    0.00    0.00    0.00    0.00    0.00   86.00
19:50:07      12   21.21    0.00    1.01    1.01    0.00    0.00    0.00    0.00    0.00   76.77
19:50:07      13   11.88    0.00    0.99    0.00    0.00    0.00    0.00    0.00    0.00   87.13
19:50:07      14    6.06    0.00    2.02    2.02    0.00    0.00    0.00    0.00    0.00   89.90
19:50:07      15   74.00    0.00    0.00    0.00    0.00    0.00    0.00    0.00    0.00   26.00

19:50:07     CPU    %usr   %nice    %sys %iowait    %irq   %soft  %steal  %guest  %gnice   %idle
19:50:08     all   14.74    0.00    1.51    1.51    0.00    0.00    0.00    0.00    0.00   82.25
19:50:08       0    3.00    0.00    2.00    0.00    0.00    0.00    0.00    0.00    0.00   95.00
19:50:08       1   16.16    0.00    1.01    0.00    0.00    0.00    0.00    0.00    0.00   82.83
19:50:08       2   19.00    0.00    1.00    1.00    0.00    0.00    0.00    0.00    0.00   79.00
19:50:08       3    9.00    0.00    1.00    1.00    0.00    0.00    0.00    0.00    0.00   89.00
19:50:08       4   11.00    0.00    2.00    1.00    0.00    0.00    0.00    0.00    0.00   86.00
19:50:08       5   27.00    0.00    2.00    2.00    0.00    0.00    0.00    0.00    0.00   69.00
19:50:08       6    9.18    0.00    3.06    9.18    0.00    0.00    0.00    0.00    0.00   78.57
19:50:08       7   81.00    0.00    0.00    0.00    0.00    0.00    0.00    0.00    0.00   19.00
19:50:08       8    5.00    0.00    2.00    0.00    0.00    0.00    0.00    0.00    0.00   93.00
19:50:08       9   12.00    0.00    1.00    0.00    0.00    0.00    0.00    0.00    0.00   87.00
19:50:08      10    7.07    0.00    1.01    0.00    0.00    0.00    0.00    0.00    0.00   91.92
19:50:08      11    4.04    0.00    1.01    1.01    0.00    0.00    0.00    0.00    0.00   93.94
19:50:08      12    7.00    0.00    2.00    2.00    0.00    0.00    0.00    0.00    0.00   89.00
19:50:08      13    6.06    0.00    1.01    0.00    0.00    0.00    0.00    0.00    0.00   92.93
19:50:08      14   12.00    0.00    2.00    2.00    0.00    0.00    0.00    0.00    0.00   84.00
19:50:08      15    7.00    0.00    2.00    5.00    0.00    0.00    0.00    0.00    0.00   86.00

19:50:08     CPU    %usr   %nice    %sys %iowait    %irq   %soft  %steal  %guest  %gnice   %idle
19:50:09     all   10.31    0.00    1.63    2.58    0.00    0.06    0.00    0.00    0.00   85.42
19:50:09       0    5.05    0.00    2.02    0.00    0.00    0.00    0.00    0.00    0.00   92.93
19:50:09       1    0.00    0.00    1.00    0.00    0.00    0.00    0.00    0.00    0.00   99.00
19:50:09       2    0.99    0.00    0.99    0.00    0.00    0.00    0.00    0.00    0.00   98.02
19:50:09       3    7.00    0.00    1.00    0.00    0.00    0.00    0.00    0.00    0.00   92.00
19:50:09       4    1.00    0.00    1.00    0.00    0.00    1.00    0.00    0.00    0.00   97.00
19:50:09       5  100.00    0.00    0.00    0.00    0.00    0.00    0.00    0.00    0.00    0.00
19:50:09       6    2.08    0.00    4.17    9.38    0.00    0.00    0.00    0.00    0.00   84.38
19:50:09       7   10.00    0.00    1.00    0.00    0.00    0.00    0.00    0.00    0.00   89.00
19:50:09       8    2.97    0.00    0.99    0.00    0.00    0.00    0.00    0.00    0.00   96.04
19:50:09       9   10.10    0.00    1.01    2.02    0.00    0.00    0.00    0.00    0.00   86.87
19:50:09      10    2.00    0.00    3.00   10.00    0.00    0.00    0.00    0.00    0.00   85.00
19:50:09      11    2.00    0.00    3.00    5.00    0.00    0.00    0.00    0.00    0.00   90.00
19:50:09      12    8.00    0.00    1.00    0.00    0.00    0.00    0.00    0.00    0.00   91.00
19:50:09      13    6.06    0.00    0.00    0.00    0.00    0.00    0.00    0.00    0.00   93.94
19:50:09      14    6.19    0.00    4.12   11.34    0.00    0.00    0.00    0.00    0.00   78.35
19:50:09      15    1.01    0.00    2.02    4.04    0.00    0.00    0.00    0.00    0.00   92.93

19:50:09     CPU    %usr   %nice    %sys %iowait    %irq   %soft  %steal  %guest  %gnice   %idle
19:50:10     all   19.71    0.00    1.32    0.50    0.00    0.25    0.00    0.00    0.00   78.21
19:50:10       0    8.16    0.00    1.02    0.00    0.00    0.00    0.00    0.00    0.00   90.82
19:50:10       1   51.49    0.00    0.99    0.99    0.00    0.00    0.00    0.00    0.00   46.53
19:50:10       2   25.00    0.00    1.00    0.00    0.00    1.00    0.00    0.00    0.00   73.00
19:50:10       3   13.13    0.00    1.01    0.00    0.00    0.00    0.00    0.00    0.00   85.86
19:50:10       4   49.49    0.00    1.01    0.00    0.00    0.00    0.00    0.00    0.00   49.49
19:50:10       5   13.00    0.00    1.00    0.00    0.00    1.00    0.00    0.00    0.00   85.00
19:50:10       6   17.82    0.00    1.98    0.99    0.00    0.99    0.00    0.00    0.00   78.22
19:50:10       7    5.05    0.00    1.01    1.01    0.00    0.00    0.00    0.00    0.00   92.93
19:50:10       8   28.28    0.00    1.01    1.01    0.00    0.00    0.00    0.00    0.00   69.70
19:50:10       9   12.00    0.00    2.00    0.00    0.00    1.00    0.00    0.00    0.00   85.00
19:50:10      10   14.29    0.00    1.02    0.00    0.00    0.00    0.00    0.00    0.00   84.69
19:50:10      11    9.28    0.00    2.06    0.00    0.00    0.00    0.00    0.00    0.00   88.66
19:50:10      12   11.11    0.00    1.01    0.00    0.00    0.00    0.00    0.00    0.00   87.88
19:50:10      13    9.00    0.00    2.00    1.00    0.00    0.00    0.00    0.00    0.00   88.00
19:50:10      14   15.15    0.00    2.02    2.02    0.00    0.00    0.00    0.00    0.00   80.81
19:50:10      15   32.32    0.00    1.01    1.01    0.00    0.00    0.00    0.00    0.00   65.66

19:50:10     CPU    %usr   %nice    %sys %iowait    %irq   %soft  %steal  %guest  %gnice   %idle
19:50:11     all   10.75    0.00    0.95    2.28    0.00    0.00    0.00    0.00    0.00   86.02
19:50:11       0    1.00    0.00    1.00    0.00    0.00    0.00    0.00    0.00    0.00   98.00
19:50:11       1   14.29    0.00    0.00    0.00    0.00    0.00    0.00    0.00    0.00   85.71
19:50:11       2    0.00    0.00    1.01    0.00    0.00    0.00    0.00    0.00    0.00   98.99
19:50:11       3    1.01    0.00    1.01    1.01    0.00    0.00    0.00    0.00    0.00   96.97
19:50:11       4   90.10    0.00    0.00    0.00    0.00    0.00    0.00    0.00    0.00    9.90
19:50:11       5    1.04    0.00    4.17   19.79    0.00    0.00    0.00    0.00    0.00   75.00
19:50:11       6    1.02    0.00    0.00    0.00    0.00    0.00    0.00    0.00    0.00   98.98
19:50:11       7    1.00    0.00    1.00    0.00    0.00    0.00    0.00    0.00    0.00   98.00
19:50:11       8    6.00    0.00    0.00    0.00    0.00    0.00    0.00    0.00    0.00   94.00
19:50:11       9    6.06    0.00    0.00    0.00    0.00    0.00    0.00    0.00    0.00   93.94
19:50:11      10    0.00    0.00    0.00    0.00    0.00    0.00    0.00    0.00    0.00  100.00
19:50:11      11   27.00    0.00    3.00    6.00    0.00    0.00    0.00    0.00    0.00   64.00
19:50:11      12   10.10    0.00    2.02    5.05    0.00    0.00    0.00    0.00    0.00   82.83
19:50:11      13   10.53    0.00    1.05    5.26    0.00    0.00    0.00    0.00    0.00   83.16
19:50:11      14    0.00    0.00    0.00    0.00    0.00    0.00    0.00    0.00    0.00  100.00
19:50:11      15    1.00    0.00    1.00    0.00    0.00    0.00    0.00    0.00    0.00   98.00

19:50:11     CPU    %usr   %nice    %sys %iowait    %irq   %soft  %steal  %guest  %gnice   %idle
19:50:12     all   28.05    0.00    1.89    1.01    0.00    0.06    0.00    0.00    0.00   68.99
19:50:12       0   35.71    0.00    0.00    0.00    0.00    0.00    0.00    0.00    0.00   64.29
19:50:12       1   30.00    0.00    2.00    0.00    0.00    1.00    0.00    0.00    0.00   67.00
19:50:12       2   19.39    0.00    1.02    0.00    0.00    0.00    0.00    0.00    0.00   79.59
19:50:12       3   25.25    0.00    0.00    0.00    0.00    0.00    0.00    0.00    0.00   74.75
19:50:12       4   43.00    0.00    2.00    0.00    0.00    0.00    0.00    0.00    0.00   55.00
19:50:12       5   33.33    0.00    3.03    6.06    0.00    0.00    0.00    0.00    0.00   57.58
19:50:12       6   18.00    0.00    3.00    0.00    0.00    0.00    0.00    0.00    0.00   79.00
19:50:12       7   24.00    0.00    1.00    0.00    0.00    0.00    0.00    0.00    0.00   75.00
19:50:12       8   33.67    0.00    1.02    0.00    0.00    0.00    0.00    0.00    0.00   65.31
19:50:12       9   16.83    0.00    1.98    0.99    0.00    0.00    0.00    0.00    0.00   80.20
19:50:12      10   12.12    0.00    2.02    0.00    0.00    0.00    0.00    0.00    0.00   85.86
19:50:12      11   26.47    0.00    4.90    2.94    0.00    0.00    0.00    0.00    0.00   65.69
19:50:12      12   14.14    0.00    3.03    4.04    0.00    0.00    0.00    0.00    0.00   78.79
19:50:12      13   40.82    0.00    2.04    0.00    0.00    0.00    0.00    0.00    0.00   57.14
19:50:12      14   32.00    0.00    3.00    2.00    0.00    0.00    0.00    0.00    0.00   63.00
19:50:12      15   44.44    0.00    0.00    0.00    0.00    0.00    0.00    0.00    0.00   55.56

19:50:12     CPU    %usr   %nice    %sys %iowait    %irq   %soft  %steal  %guest  %gnice   %idle
19:50:13     all   21.24    0.00    1.51    0.00    0.00    0.13    0.00    0.00    0.00   77.13
19:50:13       0   12.00    0.00    2.00    0.00    0.00    1.00    0.00    0.00    0.00   85.00
19:50:13       1    6.06    0.00    2.02    0.00    0.00    0.00    0.00    0.00    0.00   91.92
19:50:13       2   53.00    0.00    2.00    0.00    0.00    0.00    0.00    0.00    0.00   45.00
19:50:13       3   14.14    0.00    2.02    0.00    0.00    0.00    0.00    0.00    0.00   83.84
19:50:13       4   13.27    0.00    1.02    0.00    0.00    0.00    0.00    0.00    0.00   85.71
19:50:13       5   19.19    0.00    1.01    0.00    0.00    0.00    0.00    0.00    0.00   79.80
19:50:13       6   22.00    0.00    1.00    0.00    0.00    0.00    0.00    0.00    0.00   77.00
19:50:13       7   15.46    0.00    1.03    0.00    0.00    0.00    0.00    0.00    0.00   83.51
19:50:13       8    7.07    0.00    1.01    0.00    0.00    0.00    0.00    0.00    0.00   91.92
19:50:13       9   33.00    0.00    3.00    0.00    0.00    0.00    0.00    0.00    0.00   64.00
19:50:13      10   34.00    0.00    1.00    0.00    0.00    1.00    0.00    0.00    0.00   64.00
19:50:13      11   11.22    0.00    1.02    0.00    0.00    0.00    0.00    0.00    0.00   87.76
19:50:13      12   40.00    0.00    1.00    0.00    0.00    0.00    0.00    0.00    0.00   59.00
19:50:13      13   15.00    0.00    2.00    0.00    0.00    0.00    0.00    0.00    0.00   83.00
19:50:13      14   15.15    0.00    2.02    0.00    0.00    0.00    0.00    0.00    0.00   82.83
19:50:13      15   28.28    0.00    1.01    0.00    0.00    0.00    0.00    0.00    0.00   70.71

19:50:13     CPU    %usr   %nice    %sys %iowait    %irq   %soft  %steal  %guest  %gnice   %idle
19:50:14     all    8.74    0.00    2.33    0.00    0.00    0.25    0.00    0.00    0.00   88.68
19:50:14       0   35.71    0.00    2.04    0.00    0.00    0.00    0.00    0.00    0.00   62.24
19:50:14       1   22.22    0.00    2.02    0.00    0.00    0.00    0.00    0.00    0.00   75.76
19:50:14       2    4.00    0.00    3.00    0.00    0.00    0.00    0.00    0.00    0.00   93.00
19:50:14       3    8.08    0.00    1.01    0.00    0.00    0.00    0.00    0.00    0.00   90.91
19:50:14       4    4.00    0.00    1.00    0.00    0.00    0.00    0.00    0.00    0.00   95.00
19:50:14       5    6.93    0.00    2.97    0.00    0.00    0.00    0.00    0.00    0.00   90.10
19:50:14       6    4.04    0.00    2.02    0.00    0.00    0.00    0.00    0.00    0.00   93.94
19:50:14       7    2.00    0.00    4.00    0.00    0.00    1.00    0.00    0.00    0.00   93.00
19:50:14       8    7.00    0.00    3.00    0.00    0.00    0.00    0.00    0.00    0.00   90.00
19:50:14       9    4.04    0.00    3.03    0.00    0.00    0.00    0.00    0.00    0.00   92.93
19:50:14      10    6.06    0.00    2.02    0.00    0.00    0.00    0.00    0.00    0.00   91.92
19:50:14      11   12.12    0.00    3.03    0.00    0.00    1.01    0.00    0.00    0.00   83.84
19:50:14      12    7.14    0.00    1.02    0.00    0.00    0.00    0.00    0.00    0.00   91.84
19:50:14      13    4.04    0.00    1.01    0.00    0.00    1.01    0.00    0.00    0.00   93.94
19:50:14      14    7.00    0.00    2.00    0.00    0.00    1.00    0.00    0.00    0.00   90.00
19:50:14      15    6.00    0.00    4.00    0.00    0.00    0.00    0.00    0.00    0.00   90.00
