Linux 7.0.0-1006-aws (ip-172-31-47-97) 	06/20/26 	_x86_64_	(16 CPU)

14:51:38     CPU    %usr   %nice    %sys %iowait    %irq   %soft  %steal  %guest  %gnice   %idle
14:51:39     all   23.80    0.00    3.41    0.13    0.00    0.06    0.00    0.00    0.00   72.60
14:51:39       0   23.00    0.00    2.00    0.00    0.00    1.00    0.00    0.00    0.00   74.00
14:51:39       1   21.21    0.00    1.01    1.01    0.00    0.00    0.00    0.00    0.00   76.77
14:51:39       2   36.36    0.00   25.25    0.00    0.00    0.00    0.00    0.00    0.00   38.38
14:51:39       3   22.77    0.00    1.98    0.00    0.00    0.00    0.00    0.00    0.00   75.25
14:51:39       4   23.23    0.00    3.03    0.00    0.00    0.00    0.00    0.00    0.00   73.74
14:51:39       5   15.46    0.00    2.06    0.00    0.00    0.00    0.00    0.00    0.00   82.47
14:51:39       6   25.00    0.00    2.00    0.00    0.00    0.00    0.00    0.00    0.00   73.00
14:51:39       7   20.83    0.00    2.08    0.00    0.00    0.00    0.00    0.00    0.00   77.08
14:51:39       8   22.22    0.00    2.02    0.00    0.00    0.00    0.00    0.00    0.00   75.76
14:51:39       9   23.96    0.00    1.04    0.00    0.00    0.00    0.00    0.00    0.00   75.00
14:51:39      10   23.76    0.00    1.98    0.00    0.00    0.00    0.00    0.00    0.00   74.26
14:51:39      11   24.24    0.00    2.02    0.00    0.00    0.00    0.00    0.00    0.00   73.74
14:51:39      12   23.76    0.00    2.97    0.00    0.00    0.00    0.00    0.00    0.00   73.27
14:51:39      13   22.22    0.00    2.02    0.00    0.00    0.00    0.00    0.00    0.00   75.76
14:51:39      14   29.00    0.00    2.00    0.00    0.00    0.00    0.00    0.00    0.00   69.00
14:51:39      15   23.47    0.00    1.02    1.02    0.00    0.00    0.00    0.00    0.00   74.49

14:51:39     CPU    %usr   %nice    %sys %iowait    %irq   %soft  %steal  %guest  %gnice   %idle
14:51:40     all   34.26    0.00    3.29    0.32    0.00    0.06    0.00    0.00    0.00   62.07
14:51:40       0   35.71    0.00    3.06    0.00    0.00    0.00    0.00    0.00    0.00   61.22
14:51:40       1   30.93    0.00    4.12    0.00    0.00    0.00    0.00    0.00    0.00   64.95
14:51:40       2   36.00    0.00    2.00    1.00    0.00    0.00    0.00    0.00    0.00   61.00
14:51:40       3   35.00    0.00    3.00    1.00    0.00    0.00    0.00    0.00    0.00   61.00
14:51:40       4   36.36    0.00    3.03    1.01    0.00    0.00    0.00    0.00    0.00   59.60
14:51:40       5   31.00    0.00    4.00    1.00    0.00    0.00    0.00    0.00    0.00   64.00
14:51:40       6   30.69    0.00    2.97    0.00    0.00    0.99    0.00    0.00    0.00   65.35
14:51:40       7   34.34    0.00    4.04    0.00    0.00    0.00    0.00    0.00    0.00   61.62
14:51:40       8   34.00    0.00    3.00    0.00    0.00    0.00    0.00    0.00    0.00   63.00
14:51:40       9   33.00    0.00    3.00    0.00    0.00    0.00    0.00    0.00    0.00   64.00
14:51:40      10   33.67    0.00    3.06    0.00    0.00    0.00    0.00    0.00    0.00   63.27
14:51:40      11   33.33    0.00    4.04    0.00    0.00    0.00    0.00    0.00    0.00   62.63
14:51:40      12   32.99    0.00    3.09    0.00    0.00    0.00    0.00    0.00    0.00   63.92
14:51:40      13   40.40    0.00    3.03    0.00    0.00    0.00    0.00    0.00    0.00   56.57
14:51:40      14   41.84    0.00    3.06    1.02    0.00    0.00    0.00    0.00    0.00   54.08
14:51:40      15   28.87    0.00    4.12    0.00    0.00    0.00    0.00    0.00    0.00   67.01

14:51:40     CPU    %usr   %nice    %sys %iowait    %irq   %soft  %steal  %guest  %gnice   %idle
14:51:41     all   19.10    0.00    1.71    1.08    0.00    0.06    0.00    0.00    0.00   78.05
14:51:41       0   17.35    0.00    2.04    3.06    0.00    0.00    0.00    0.00    0.00   77.55
14:51:41       1   23.76    0.00    2.97    0.00    0.00    0.00    0.00    0.00    0.00   73.27
14:51:41       2   20.41    0.00    2.04    1.02    0.00    0.00    0.00    0.00    0.00   76.53
14:51:41       3   24.49    0.00    2.04    1.02    0.00    0.00    0.00    0.00    0.00   72.45
14:51:41       4   19.59    0.00    1.03    0.00    0.00    0.00    0.00    0.00    0.00   79.38
14:51:41       5   17.17    0.00    2.02    1.01    0.00    0.00    0.00    0.00    0.00   79.80
14:51:41       6    8.16    0.00    1.02    1.02    0.00    0.00    0.00    0.00    0.00   89.80
14:51:41       7   10.89    0.00    2.97    1.98    0.00    0.00    0.00    0.00    0.00   84.16
14:51:41       8   18.18    0.00    1.01    1.01    0.00    0.00    0.00    0.00    0.00   79.80
14:51:41       9   29.59    0.00    2.04    1.02    0.00    0.00    0.00    0.00    0.00   67.35
14:51:41      10   15.15    0.00    3.03    1.01    0.00    0.00    0.00    0.00    0.00   80.81
14:51:41      11   15.46    0.00    1.03    1.03    0.00    0.00    0.00    0.00    0.00   82.47
14:51:41      12   28.00    0.00    2.00    1.00    0.00    1.00    0.00    0.00    0.00   68.00
14:51:41      13   19.19    0.00    1.01    1.01    0.00    0.00    0.00    0.00    0.00   78.79
14:51:41      14   20.00    0.00    1.00    1.00    0.00    0.00    0.00    0.00    0.00   78.00
14:51:41      15   18.18    0.00    0.00    1.01    0.00    0.00    0.00    0.00    0.00   80.81

14:51:41     CPU    %usr   %nice    %sys %iowait    %irq   %soft  %steal  %guest  %gnice   %idle
14:51:42     all   19.54    0.00    2.02    0.95    0.00    0.19    0.00    0.00    0.00   77.29
14:51:42       0   19.80    0.00    2.97    0.00    0.00    0.99    0.00    0.00    0.00   76.24
14:51:42       1   15.31    0.00    1.02    1.02    0.00    0.00    0.00    0.00    0.00   82.65
14:51:42       2   36.00    0.00    1.00    0.00    0.00    0.00    0.00    0.00    0.00   63.00
14:51:42       3   28.87    0.00    2.06    1.03    0.00    0.00    0.00    0.00    0.00   68.04
14:51:42       4   11.22    0.00    1.02    1.02    0.00    0.00    0.00    0.00    0.00   86.73
14:51:42       5   20.20    0.00    2.02    1.01    0.00    1.01    0.00    0.00    0.00   75.76
14:51:42       6   17.17    0.00    2.02    0.00    0.00    0.00    0.00    0.00    0.00   80.81
14:51:42       7   13.54    0.00    1.04    0.00    0.00    0.00    0.00    0.00    0.00   85.42
14:51:42       8   18.18    0.00    2.02    1.01    0.00    0.00    0.00    0.00    0.00   78.79
14:51:42       9   16.33    0.00    2.04    1.02    0.00    0.00    0.00    0.00    0.00   80.61
14:51:42      10   17.17    0.00    2.02    0.00    0.00    0.00    0.00    0.00    0.00   80.81
14:51:42      11   20.20    0.00    3.03    1.01    0.00    0.00    0.00    0.00    0.00   75.76
14:51:42      12   34.00    0.00    2.00    1.00    0.00    0.00    0.00    0.00    0.00   63.00
14:51:42      13   14.14    0.00    1.01    1.01    0.00    0.00    0.00    0.00    0.00   83.84
14:51:42      14   22.22    0.00    4.04    4.04    0.00    0.00    0.00    0.00    0.00   69.70
14:51:42      15    8.00    0.00    3.00    2.00    0.00    1.00    0.00    0.00    0.00   86.00

14:51:42     CPU    %usr   %nice    %sys %iowait    %irq   %soft  %steal  %guest  %gnice   %idle
14:51:43     all    7.81    0.00    0.94    0.44    0.00    0.13    0.00    0.00    0.00   90.68
14:51:43       0    4.00    0.00    1.00    1.00    0.00    0.00    0.00    0.00    0.00   94.00
14:51:43       1    8.16    0.00    0.00    0.00    0.00    0.00    0.00    0.00    0.00   91.84
14:51:43       2    1.01    0.00    2.02    0.00    0.00    0.00    0.00    0.00    0.00   96.97
14:51:43       3    7.92    0.00    0.99    0.99    0.00    0.99    0.00    0.00    0.00   89.11
14:51:43       4    1.01    0.00    1.01    1.01    0.00    0.00    0.00    0.00    0.00   96.97
14:51:43       5   19.19    0.00    1.01    1.01    0.00    0.00    0.00    0.00    0.00   78.79
14:51:43       6    2.04    0.00    0.00    0.00    0.00    0.00    0.00    0.00    0.00   97.96
14:51:43       7   18.00    0.00    1.00    1.00    0.00    0.00    0.00    0.00    0.00   80.00
14:51:43       8    8.08    0.00    1.01    0.00    0.00    0.00    0.00    0.00    0.00   90.91
14:51:43       9    7.92    0.00    0.99    0.00    0.00    0.99    0.00    0.00    0.00   90.10
14:51:43      10    7.14    0.00    1.02    0.00    0.00    0.00    0.00    0.00    0.00   91.84
14:51:43      11    2.02    0.00    1.01    1.01    0.00    0.00    0.00    0.00    0.00   95.96
14:51:43      12    9.09    0.00    1.01    0.00    0.00    0.00    0.00    0.00    0.00   89.90
14:51:43      13    8.00    0.00    1.00    0.00    0.00    0.00    0.00    0.00    0.00   91.00
14:51:43      14   15.31    0.00    1.02    0.00    0.00    0.00    0.00    0.00    0.00   83.67
14:51:43      15    6.00    0.00    1.00    1.00    0.00    0.00    0.00    0.00    0.00   92.00

14:51:43     CPU    %usr   %nice    %sys %iowait    %irq   %soft  %steal  %guest  %gnice   %idle
14:51:44     all   14.55    0.00    1.57    1.39    0.00    0.19    0.00    0.00    0.00   82.30
14:51:44       0   31.63    0.00    1.02    0.00    0.00    0.00    0.00    0.00    0.00   67.35
14:51:44       1   24.75    0.00    1.98    0.00    0.00    0.00    0.00    0.00    0.00   73.27
14:51:44       2   17.17    0.00    1.01    1.01    0.00    0.00    0.00    0.00    0.00   80.81
14:51:44       3    8.08    0.00    1.01    0.00    0.00    0.00    0.00    0.00    0.00   90.91
14:51:44       4   17.35    0.00    3.06    4.08    0.00    0.00    0.00    0.00    0.00   75.51
14:51:44       5    6.12    0.00    1.02    0.00    0.00    0.00    0.00    0.00    0.00   92.86
14:51:44       6   18.00    0.00    3.00    2.00    0.00    0.00    0.00    0.00    0.00   77.00
14:51:44       7    7.07    0.00    1.01    2.02    0.00    1.01    0.00    0.00    0.00   88.89
14:51:44       8   20.20    0.00    1.01    1.01    0.00    0.00    0.00    0.00    0.00   77.78
14:51:44       9    6.00    0.00    2.00    1.00    0.00    0.00    0.00    0.00    0.00   91.00
14:51:44      10    6.00    0.00    2.00    3.00    0.00    1.00    0.00    0.00    0.00   88.00
14:51:44      11   11.00    0.00    1.00    0.00    0.00    1.00    0.00    0.00    0.00   87.00
14:51:44      12   21.21    0.00    1.01    0.00    0.00    0.00    0.00    0.00    0.00   77.78
14:51:44      13    9.18    0.00    2.04    6.12    0.00    0.00    0.00    0.00    0.00   82.65
14:51:44      14   23.76    0.00    1.98    0.99    0.00    0.00    0.00    0.00    0.00   73.27
14:51:44      15    5.05    0.00    1.01    1.01    0.00    0.00    0.00    0.00    0.00   92.93

14:51:44     CPU    %usr   %nice    %sys %iowait    %irq   %soft  %steal  %guest  %gnice   %idle
14:51:45     all   18.52    0.00    2.02    1.96    0.00    0.06    0.00    0.00    0.00   77.43
14:51:45       0   16.16    0.00    2.02    1.01    0.00    0.00    0.00    0.00    0.00   80.81
14:51:45       1   16.00    0.00    2.00    1.00    0.00    1.00    0.00    0.00    0.00   80.00
14:51:45       2   20.20    0.00    2.02    1.01    0.00    0.00    0.00    0.00    0.00   76.77
14:51:45       3   23.71    0.00    1.03    1.03    0.00    0.00    0.00    0.00    0.00   74.23
14:51:45       4   11.00    0.00    2.00    1.00    0.00    0.00    0.00    0.00    0.00   86.00
14:51:45       5   16.00    0.00    2.00    1.00    0.00    0.00    0.00    0.00    0.00   81.00
14:51:45       6   17.00    0.00    2.00    1.00    0.00    0.00    0.00    0.00    0.00   80.00
14:51:45       7   12.12    0.00    4.04    4.04    0.00    0.00    0.00    0.00    0.00   79.80
14:51:45       8   16.16    0.00    3.03   10.10    0.00    0.00    0.00    0.00    0.00   70.71
14:51:45       9    5.15    0.00    2.06    4.12    0.00    0.00    0.00    0.00    0.00   88.66
14:51:45      10   32.00    0.00    1.00    1.00    0.00    0.00    0.00    0.00    0.00   66.00
14:51:45      11   16.16    0.00    3.03    1.01    0.00    0.00    0.00    0.00    0.00   79.80
14:51:45      12   15.00    0.00    2.00    1.00    0.00    0.00    0.00    0.00    0.00   82.00
14:51:45      13   27.55    0.00    1.02    0.00    0.00    0.00    0.00    0.00    0.00   71.43
14:51:45      14   41.24    0.00    1.03    3.09    0.00    0.00    0.00    0.00    0.00   54.64
14:51:45      15   11.22    0.00    2.04    0.00    0.00    0.00    0.00    0.00    0.00   86.73

14:51:45     CPU    %usr   %nice    %sys %iowait    %irq   %soft  %steal  %guest  %gnice   %idle
14:51:46     all    5.47    0.00    0.94    1.51    0.00    0.00    0.00    0.00    0.00   92.08
14:51:46       0    2.02    0.00    1.01    4.04    0.00    0.00    0.00    0.00    0.00   92.93
14:51:46       1    5.05    0.00    1.01    0.00    0.00    0.00    0.00    0.00    0.00   93.94
14:51:46       2    3.03    0.00    1.01    0.00    0.00    0.00    0.00    0.00    0.00   95.96
14:51:46       3    6.86    0.00    0.98    0.98    0.00    0.00    0.00    0.00    0.00   91.18
14:51:46       4    0.00    0.00    1.02    0.00    0.00    0.00    0.00    0.00    0.00   98.98
14:51:46       5    6.19    0.00    3.09    7.22    0.00    0.00    0.00    0.00    0.00   83.51
14:51:46       6    6.00    0.00    0.00    0.00    0.00    0.00    0.00    0.00    0.00   94.00
14:51:46       7    7.07    0.00    0.00    0.00    0.00    0.00    0.00    0.00    0.00   92.93
14:51:46       8   11.00    0.00    0.00    0.00    0.00    0.00    0.00    0.00    0.00   89.00
14:51:46       9    2.00    0.00    1.00    0.00    0.00    0.00    0.00    0.00    0.00   97.00
14:51:46      10    2.00    0.00    1.00    0.00    0.00    0.00    0.00    0.00    0.00   97.00
14:51:46      11    1.02    0.00    2.04   12.24    0.00    0.00    0.00    0.00    0.00   84.69
14:51:46      12   12.12    0.00    0.00    0.00    0.00    0.00    0.00    0.00    0.00   87.88
14:51:46      13    5.00    0.00    1.00    0.00    0.00    0.00    0.00    0.00    0.00   94.00
14:51:46      14   14.00    0.00    1.00    0.00    0.00    0.00    0.00    0.00    0.00   85.00
14:51:46      15    4.00    0.00    1.00    0.00    0.00    0.00    0.00    0.00    0.00   95.00

14:51:46     CPU    %usr   %nice    %sys %iowait    %irq   %soft  %steal  %guest  %gnice   %idle
14:51:47     all   16.59    0.00    1.82    0.94    0.00    0.25    0.00    0.00    0.00   80.39
14:51:47       0   30.61    0.00    2.04    1.02    0.00    0.00    0.00    0.00    0.00   66.33
14:51:47       1   24.24    0.00    1.01    1.01    0.00    0.00    0.00    0.00    0.00   73.74
14:51:47       2    5.00    0.00    2.00    2.00    0.00    0.00    0.00    0.00    0.00   91.00
14:51:47       3   21.21    0.00    2.02    1.01    0.00    0.00    0.00    0.00    0.00   75.76
14:51:47       4    8.91    0.00    1.98    0.99    0.00    0.99    0.00    0.00    0.00   87.13
14:51:47       5    9.00    0.00    2.00    1.00    0.00    0.00    0.00    0.00    0.00   88.00
14:51:47       6   17.17    0.00    1.01    1.01    0.00    0.00    0.00    0.00    0.00   80.81
14:51:47       7   18.18    0.00    2.02    0.00    0.00    0.00    0.00    0.00    0.00   79.80
14:51:47       8   24.74    0.00    1.03    0.00    0.00    1.03    0.00    0.00    0.00   73.20
14:51:47       9   21.00    0.00    2.00    1.00    0.00    0.00    0.00    0.00    0.00   76.00
14:51:47      10   14.29    0.00    2.04    1.02    0.00    0.00    0.00    0.00    0.00   82.65
14:51:47      11   11.88    0.00    2.97    0.00    0.00    0.00    0.00    0.00    0.00   85.15
14:51:47      12   25.25    0.00    2.02    2.02    0.00    0.00    0.00    0.00    0.00   70.71
14:51:47      13   10.89    0.00    1.98    0.99    0.00    0.99    0.00    0.00    0.00   85.15
14:51:47      14   15.00    0.00    2.00    1.00    0.00    1.00    0.00    0.00    0.00   81.00
14:51:47      15    9.00    0.00    1.00    1.00    0.00    0.00    0.00    0.00    0.00   89.00

14:51:47     CPU    %usr   %nice    %sys %iowait    %irq   %soft  %steal  %guest  %gnice   %idle
14:51:48     all   15.84    0.00    2.53    2.28    0.00    0.06    0.00    0.00    0.00   79.28
14:51:48       0   23.23    0.00    1.01    1.01    0.00    0.00    0.00    0.00    0.00   74.75
14:51:48       1   12.24    0.00    3.06    1.02    0.00    0.00    0.00    0.00    0.00   83.67
14:51:48       2   20.20    0.00    2.02    1.01    0.00    1.01    0.00    0.00    0.00   75.76
14:51:48       3    9.28    0.00    4.12    5.15    0.00    0.00    0.00    0.00    0.00   81.44
14:51:48       4    7.07    0.00    3.03    3.03    0.00    0.00    0.00    0.00    0.00   86.87
14:51:48       5   43.00    0.00    2.00    1.00    0.00    0.00    0.00    0.00    0.00   54.00
14:51:48       6   11.00    0.00    4.00    0.00    0.00    0.00    0.00    0.00    0.00   85.00
14:51:48       7   20.00    0.00    1.05    7.37    0.00    0.00    0.00    0.00    0.00   71.58
14:51:48       8   16.16    0.00    4.04    7.07    0.00    0.00    0.00    0.00    0.00   72.73
14:51:48       9   15.15    0.00    3.03    1.01    0.00    0.00    0.00    0.00    0.00   80.81
14:51:48      10   12.12    0.00    2.02    3.03    0.00    0.00    0.00    0.00    0.00   82.83
14:51:48      11   18.18    0.00    2.02    1.01    0.00    0.00    0.00    0.00    0.00   78.79
14:51:48      12    6.06    0.00    2.02    0.00    0.00    0.00    0.00    0.00    0.00   91.92
14:51:48      13    4.08    0.00    2.04    1.02    0.00    0.00    0.00    0.00    0.00   92.86
14:51:48      14   15.15    0.00    2.02    3.03    0.00    0.00    0.00    0.00    0.00   79.80
14:51:48      15   20.20    0.00    3.03    1.01    0.00    0.00    0.00    0.00    0.00   75.76

14:51:48     CPU    %usr   %nice    %sys %iowait    %irq   %soft  %steal  %guest  %gnice   %idle
14:51:49     all    9.50    0.00    1.76    2.52    0.00    0.00    0.00    0.00    0.00   86.22
14:51:49       0   11.11    0.00    1.01    0.00    0.00    0.00    0.00    0.00    0.00   87.88
14:51:49       1    7.00    0.00    2.00    1.00    0.00    0.00    0.00    0.00    0.00   90.00
14:51:49       2    8.91    0.00    1.98    0.99    0.00    0.00    0.00    0.00    0.00   88.12
14:51:49       3    7.07    0.00    1.01    0.00    0.00    0.00    0.00    0.00    0.00   91.92
14:51:49       4   11.22    0.00    2.04    3.06    0.00    0.00    0.00    0.00    0.00   83.67
14:51:49       5   15.00    0.00    1.00    1.00    0.00    0.00    0.00    0.00    0.00   83.00
14:51:49       6    4.95    0.00    0.99    0.99    0.00    0.00    0.00    0.00    0.00   93.07
14:51:49       7   12.24    0.00    3.06    6.12    0.00    0.00    0.00    0.00    0.00   78.57
14:51:49       8   17.82    0.00    1.98    0.00    0.00    0.00    0.00    0.00    0.00   80.20
14:51:49       9    5.10    0.00    1.02    5.10    0.00    0.00    0.00    0.00    0.00   88.78
14:51:49      10    7.00    0.00    2.00    1.00    0.00    0.00    0.00    0.00    0.00   90.00
14:51:49      11    6.12    0.00    4.08   16.33    0.00    0.00    0.00    0.00    0.00   73.47
14:51:49      12    6.06    0.00    2.02    2.02    0.00    0.00    0.00    0.00    0.00   89.90
14:51:49      13    9.00    0.00    2.00    1.00    0.00    0.00    0.00    0.00    0.00   88.00
14:51:49      14    6.12    0.00    1.02    1.02    0.00    0.00    0.00    0.00    0.00   91.84
14:51:49      15   17.17    0.00    1.01    1.01    0.00    0.00    0.00    0.00    0.00   80.81

14:51:49     CPU    %usr   %nice    %sys %iowait    %irq   %soft  %steal  %guest  %gnice   %idle
14:51:50     all    5.10    0.00    0.69    1.70    0.00    0.06    0.00    0.00    0.00   92.44
14:51:50       0    6.06    0.00    0.00    5.05    0.00    0.00    0.00    0.00    0.00   88.89
14:51:50       1    4.04    0.00    4.04    6.06    0.00    0.00    0.00    0.00    0.00   85.86
14:51:50       2   12.12    0.00    0.00    0.00    0.00    0.00    0.00    0.00    0.00   87.88
14:51:50       3   13.13    0.00    0.00    0.00    0.00    0.00    0.00    0.00    0.00   86.87
14:51:50       4    3.00    0.00    1.00    0.00    0.00    0.00    0.00    0.00    0.00   96.00
14:51:50       5    1.02    0.00    0.00    0.00    0.00    0.00    0.00    0.00    0.00   98.98
14:51:50       6    1.01    0.00    0.00    0.00    0.00    0.00    0.00    0.00    0.00   98.99
14:51:50       7    2.00    0.00    1.00    0.00    0.00    0.00    0.00    0.00    0.00   97.00
14:51:50       8    1.01    0.00    0.00    1.01    0.00    0.00    0.00    0.00    0.00   97.98
14:51:50       9    4.00    0.00    0.00    0.00    0.00    0.00    0.00    0.00    0.00   96.00
14:51:50      10   12.24    0.00    1.02    2.04    0.00    0.00    0.00    0.00    0.00   84.69
14:51:50      11    3.96    0.00    0.00    0.00    0.00    0.99    0.00    0.00    0.00   95.05
14:51:50      12    1.01    0.00    0.00    1.01    0.00    0.00    0.00    0.00    0.00   97.98
14:51:50      13    1.01    0.00    0.00    0.00    0.00    0.00    0.00    0.00    0.00   98.99
14:51:50      14   12.87    0.00    0.99    0.00    0.00    0.00    0.00    0.00    0.00   86.14
14:51:50      15    3.06    0.00    3.06   12.24    0.00    0.00    0.00    0.00    0.00   81.63

14:51:50     CPU    %usr   %nice    %sys %iowait    %irq   %soft  %steal  %guest  %gnice   %idle
14:51:51     all   19.12    0.00    1.83    1.26    0.00    0.06    0.00    0.00    0.00   77.73
14:51:51       0   34.69    0.00    3.06    4.08    0.00    0.00    0.00    0.00    0.00   58.16
14:51:51       1   15.46    0.00    3.09    4.12    0.00    0.00    0.00    0.00    0.00   77.32
14:51:51       2   34.00    0.00    2.00    0.00    0.00    0.00    0.00    0.00    0.00   64.00
14:51:51       3   16.16    0.00    2.02    1.01    0.00    0.00    0.00    0.00    0.00   80.81
14:51:51       4   28.00    0.00    1.00    1.00    0.00    0.00    0.00    0.00    0.00   70.00
14:51:51       5    3.92    0.00    1.96    0.98    0.00    0.98    0.00    0.00    0.00   92.16
14:51:51       6    9.18    0.00    2.04    0.00    0.00    0.00    0.00    0.00    0.00   88.78
14:51:51       7   17.00    0.00    2.00    1.00    0.00    0.00    0.00    0.00    0.00   80.00
14:51:51       8   13.00    0.00    1.00    0.00    0.00    0.00    0.00    0.00    0.00   86.00
14:51:51       9   15.46    0.00    1.03    1.03    0.00    0.00    0.00    0.00    0.00   82.47
14:51:51      10   18.18    0.00    1.01    1.01    0.00    0.00    0.00    0.00    0.00   79.80
14:51:51      11   14.14    0.00    3.03    1.01    0.00    0.00    0.00    0.00    0.00   81.82
14:51:51      12   28.00    0.00    2.00    1.00    0.00    0.00    0.00    0.00    0.00   69.00
14:51:51      13   23.23    0.00    1.01    0.00    0.00    0.00    0.00    0.00    0.00   75.76
14:51:51      14   21.43    0.00    1.02    0.00    0.00    0.00    0.00    0.00    0.00   77.55
14:51:51      15   14.14    0.00    2.02    4.04    0.00    0.00    0.00    0.00    0.00   79.80

14:51:51     CPU    %usr   %nice    %sys %iowait    %irq   %soft  %steal  %guest  %gnice   %idle
14:51:52     all    4.79    0.00    1.13    2.77    0.00    0.00    0.00    0.00    0.00   91.30
14:51:52       0    2.97    0.00    0.99    0.99    0.00    0.00    0.00    0.00    0.00   95.05
14:51:52       1    9.18    0.00    0.00    0.00    0.00    0.00    0.00    0.00    0.00   90.82
14:51:52       2    4.00    0.00    1.00    0.00    0.00    0.00    0.00    0.00    0.00   95.00
14:51:52       3    3.03    0.00    0.00    0.00    0.00    0.00    0.00    0.00    0.00   96.97
14:51:52       4    8.00    0.00    0.00    0.00    0.00    0.00    0.00    0.00    0.00   92.00
14:51:52       5    4.04    0.00    0.00    0.00    0.00    0.00    0.00    0.00    0.00   95.96
14:51:52       6    8.00    0.00    1.00    1.00    0.00    0.00    0.00    0.00    0.00   90.00
14:51:52       7    4.08    0.00    1.02    0.00    0.00    0.00    0.00    0.00    0.00   94.90
14:51:52       8    5.00    0.00    0.00    0.00    0.00    0.00    0.00    0.00    0.00   95.00
14:51:52       9    6.19    0.00    7.22   12.37    0.00    0.00    0.00    0.00    0.00   74.23
14:51:52      10    5.15    0.00    3.09   17.53    0.00    0.00    0.00    0.00    0.00   74.23
14:51:52      11    5.10    0.00    0.00    0.00    0.00    0.00    0.00    0.00    0.00   94.90
14:51:52      12    2.04    0.00    2.04   10.20    0.00    0.00    0.00    0.00    0.00   85.71
14:51:52      13    1.00    0.00    0.00    1.00    0.00    0.00    0.00    0.00    0.00   98.00
14:51:52      14    5.00    0.00    1.00    2.00    0.00    0.00    0.00    0.00    0.00   92.00
14:51:52      15    3.96    0.00    0.99    0.00    0.00    0.00    0.00    0.00    0.00   95.05

14:51:52     CPU    %usr   %nice    %sys %iowait    %irq   %soft  %steal  %guest  %gnice   %idle
14:51:53     all   18.62    0.00    1.64    1.13    0.00    0.13    0.00    0.00    0.00   78.49
14:51:53       0   32.65    0.00    0.00    1.02    0.00    0.00    0.00    0.00    0.00   66.33
14:51:53       1   10.89    0.00    1.98    0.99    0.00    0.00    0.00    0.00    0.00   86.14
14:51:53       2   27.55    0.00    1.02    1.02    0.00    0.00    0.00    0.00    0.00   70.41
14:51:53       3   24.75    0.00    1.98    0.99    0.00    0.00    0.00    0.00    0.00   72.28
14:51:53       4    7.00    0.00    2.00    0.00    0.00    0.00    0.00    0.00    0.00   91.00
14:51:53       5   22.22    0.00    2.02    2.02    0.00    0.00    0.00    0.00    0.00   73.74
14:51:53       6   20.00    0.00    2.00    0.00    0.00    1.00    0.00    0.00    0.00   77.00
14:51:53       7   10.00    0.00    1.00    1.00    0.00    0.00    0.00    0.00    0.00   88.00
14:51:53       8    8.16    0.00    2.04    1.02    0.00    0.00    0.00    0.00    0.00   88.78
14:51:53       9   20.00    0.00    1.00    2.00    0.00    1.00    0.00    0.00    0.00   76.00
14:51:53      10   14.00    0.00    2.00    2.00    0.00    0.00    0.00    0.00    0.00   82.00
14:51:53      11   24.24    0.00    2.02    1.01    0.00    0.00    0.00    0.00    0.00   72.73
14:51:53      12   24.24    0.00    2.02    2.02    0.00    0.00    0.00    0.00    0.00   71.72
14:51:53      13   12.24    0.00    1.02    0.00    0.00    0.00    0.00    0.00    0.00   86.73
14:51:53      14   16.00    0.00    2.00    2.00    0.00    0.00    0.00    0.00    0.00   80.00
14:51:53      15   24.24    0.00    2.02    1.01    0.00    0.00    0.00    0.00    0.00   72.73

14:51:53     CPU    %usr   %nice    %sys %iowait    %irq   %soft  %steal  %guest  %gnice   %idle
14:51:54     all    9.67    0.00    1.07    1.51    0.00    0.06    0.06    0.00    0.00   87.63
14:51:54       0   13.73    0.00    1.96    0.98    0.00    0.00    0.98    0.00    0.00   82.35
14:51:54       1   18.37    0.00    1.02    2.04    0.00    0.00    0.00    0.00    0.00   78.57
14:51:54       2   15.84    0.00    0.99    2.97    0.00    0.00    0.00    0.00    0.00   80.20
14:51:54       3    6.00    0.00    1.00    1.00    0.00    0.00    0.00    0.00    0.00   92.00
14:51:54       4   12.37    0.00    2.06    6.19    0.00    0.00    0.00    0.00    0.00   79.38
14:51:54       5    2.00    0.00    1.00    1.00    0.00    0.00    0.00    0.00    0.00   96.00
14:51:54       6    3.00    0.00    0.00    0.00    0.00    0.00    0.00    0.00    0.00   97.00
14:51:54       7    5.10    0.00    1.02    3.06    0.00    0.00    0.00    0.00    0.00   90.82
14:51:54       8    3.00    0.00    2.00    1.00    0.00    0.00    0.00    0.00    0.00   94.00
14:51:54       9    3.03    0.00    1.01    1.01    0.00    0.00    0.00    0.00    0.00   94.95
14:51:54      10    0.00    0.00    1.02    2.04    0.00    0.00    0.00    0.00    0.00   96.94
14:51:54      11   18.81    0.00    0.99    0.99    0.00    0.00    0.00    0.00    0.00   79.21
14:51:54      12   32.00    0.00    0.00    1.00    0.00    0.00    0.00    0.00    0.00   67.00
14:51:54      13   11.11    0.00    1.01    1.01    0.00    0.00    0.00    0.00    0.00   86.87
14:51:54      14    7.07    0.00    1.01    0.00    0.00    0.00    0.00    0.00    0.00   91.92
14:51:54      15    3.00    0.00    1.00    0.00    0.00    1.00    0.00    0.00    0.00   95.00

14:51:54     CPU    %usr   %nice    %sys %iowait    %irq   %soft  %steal  %guest  %gnice   %idle
14:51:55     all   12.40    0.00    1.77    2.91    0.00    0.19    0.00    0.00    0.00   82.73
14:51:55       0   19.00    0.00    1.00    2.00    0.00    1.00    0.00    0.00    0.00   77.00
14:51:55       1    2.02    0.00    1.01    1.01    0.00    0.00    0.00    0.00    0.00   95.96
14:51:55       2   10.20    0.00    1.02    1.02    0.00    0.00    0.00    0.00    0.00   87.76
14:51:55       3    9.18    0.00    1.02    0.00    0.00    0.00    0.00    0.00    0.00   89.80
14:51:55       4   13.40    0.00    4.12   19.59    0.00    0.00    0.00    0.00    0.00   62.89
14:51:55       5    8.33    0.00    3.12    4.17    0.00    0.00    0.00    0.00    0.00   84.38
14:51:55       6   17.00    0.00    2.00    1.00    0.00    0.00    0.00    0.00    0.00   80.00
14:51:55       7    5.88    0.00    2.94    3.92    0.00    0.98    0.00    0.00    0.00   86.27
14:51:55       8    2.11    0.00    3.16    8.42    0.00    0.00    0.00    0.00    0.00   86.32
14:51:55       9   15.15    0.00    1.01    1.01    0.00    0.00    0.00    0.00    0.00   82.83
14:51:55      10    4.00    0.00    1.00    1.00    0.00    0.00    0.00    0.00    0.00   94.00
14:51:55      11   29.29    0.00    1.01    1.01    0.00    0.00    0.00    0.00    0.00   68.69
14:51:55      12   23.23    0.00    1.01    1.01    0.00    0.00    0.00    0.00    0.00   74.75
14:51:55      13   16.83    0.00    0.99    0.99    0.00    0.99    0.00    0.00    0.00   80.20
14:51:55      14   16.33    0.00    2.04    0.00    0.00    0.00    0.00    0.00    0.00   81.63
14:51:55      15    6.00    0.00    2.00    1.00    0.00    0.00    0.00    0.00    0.00   91.00

14:51:55     CPU    %usr   %nice    %sys %iowait    %irq   %soft  %steal  %guest  %gnice   %idle
14:51:56     all   11.07    0.00    1.19    2.52    0.00    0.06    0.00    0.00    0.00   85.16
14:51:56       0    4.08    0.00    1.02    0.00    0.00    0.00    0.00    0.00    0.00   94.90
14:51:56       1    6.06    0.00    1.01    4.04    0.00    1.01    0.00    0.00    0.00   87.88
14:51:56       2    7.07    0.00    1.01    5.05    0.00    0.00    0.00    0.00    0.00   86.87
14:51:56       3   18.56    0.00    5.15   12.37    0.00    0.00    0.00    0.00    0.00   63.92
14:51:56       4    9.00    0.00    1.00    3.00    0.00    0.00    0.00    0.00    0.00   87.00
14:51:56       5   16.83    0.00    0.00    0.99    0.00    0.00    0.00    0.00    0.00   82.18
14:51:56       6   19.00    0.00    1.00    0.00    0.00    0.00    0.00    0.00    0.00   80.00
14:51:56       7   14.00    0.00    2.00    8.00    0.00    0.00    0.00    0.00    0.00   76.00
14:51:56       8    6.93    0.00    0.99    0.00    0.00    0.00    0.00    0.00    0.00   92.08
14:51:56       9   20.79    0.00    0.00    0.00    0.00    0.00    0.00    0.00    0.00   79.21
14:51:56      10   14.29    0.00    0.00    0.00    0.00    0.00    0.00    0.00    0.00   85.71
14:51:56      11    1.03    0.00    2.06    5.15    0.00    0.00    0.00    0.00    0.00   91.75
14:51:56      12    5.05    0.00    2.02    0.00    0.00    0.00    0.00    0.00    0.00   92.93
14:51:56      13   13.13    0.00    0.00    0.00    0.00    0.00    0.00    0.00    0.00   86.87
14:51:56      14   12.75    0.00    0.98    0.98    0.00    0.00    0.00    0.00    0.00   85.29
14:51:56      15    8.08    0.00    1.01    1.01    0.00    0.00    0.00    0.00    0.00   89.90

14:51:56     CPU    %usr   %nice    %sys %iowait    %irq   %soft  %steal  %guest  %gnice   %idle
14:51:57     all   10.51    0.00    1.39    2.28    0.00    0.06    0.00    0.00    0.00   85.75
14:51:57       0   10.10    0.00    1.01    0.00    0.00    0.00    0.00    0.00    0.00   88.89
14:51:57       1   13.13    0.00    1.01    0.00    0.00    0.00    0.00    0.00    0.00   85.86
14:51:57       2   13.00    0.00    1.00    0.00    0.00    0.00    0.00    0.00    0.00   86.00
14:51:57       3   10.42    0.00    3.12   10.42    0.00    0.00    0.00    0.00    0.00   76.04
14:51:57       4   14.14    0.00    1.01    1.01    0.00    0.00    0.00    0.00    0.00   83.84
14:51:57       5    2.04    0.00    2.04    5.10    0.00    0.00    0.00    0.00    0.00   90.82
14:51:57       6    9.18    0.00    1.02    0.00    0.00    0.00    0.00    0.00    0.00   89.80
14:51:57       7   34.38    0.00    2.08    8.33    0.00    0.00    0.00    0.00    0.00   55.21
14:51:57       8   13.00    0.00    1.00    1.00    0.00    0.00    0.00    0.00    0.00   85.00
14:51:57       9    6.12    0.00    1.02    0.00    0.00    0.00    0.00    0.00    0.00   92.86
14:51:57      10   13.86    0.00    0.99    0.00    0.00    0.99    0.00    0.00    0.00   84.16
14:51:57      11   11.11    0.00    1.01    4.04    0.00    0.00    0.00    0.00    0.00   83.84
14:51:57      12    6.00    0.00    2.00    6.00    0.00    0.00    0.00    0.00    0.00   86.00
14:51:57      13    3.03    0.00    2.02    0.00    0.00    0.00    0.00    0.00    0.00   94.95
14:51:57      14    1.02    0.00    1.02    0.00    0.00    0.00    0.00    0.00    0.00   97.96
14:51:57      15    8.08    0.00    1.01    1.01    0.00    0.00    0.00    0.00    0.00   89.90

14:51:57     CPU    %usr   %nice    %sys %iowait    %irq   %soft  %steal  %guest  %gnice   %idle
14:51:58     all    8.04    0.00    1.46    3.36    0.00    0.06    0.00    0.00    0.00   87.08
14:51:58       0   13.27    0.00    1.02    1.02    0.00    0.00    0.00    0.00    0.00   84.69
14:51:58       1   12.00    0.00    1.00    1.00    0.00    0.00    0.00    0.00    0.00   86.00
14:51:58       2   14.00    0.00    0.00    1.00    0.00    0.00    0.00    0.00    0.00   85.00
14:51:58       3   10.20    0.00    3.06   13.27    0.00    1.02    0.00    0.00    0.00   72.45
14:51:58       4    3.03    0.00    1.01    0.00    0.00    0.00    0.00    0.00    0.00   95.96
14:51:58       5    2.02    0.00    2.02    7.07    0.00    0.00    0.00    0.00    0.00   88.89
14:51:58       6    5.32    0.00    4.26   18.09    0.00    0.00    0.00    0.00    0.00   72.34
14:51:58       7    6.19    0.00    4.12    8.25    0.00    0.00    0.00    0.00    0.00   81.44
14:51:58       8   13.40    0.00    0.00    0.00    0.00    0.00    0.00    0.00    0.00   86.60
14:51:58       9   10.00    0.00    1.00    0.00    0.00    0.00    0.00    0.00    0.00   89.00
14:51:58      10    8.91    0.00    0.99    0.99    0.00    0.00    0.00    0.00    0.00   89.11
14:51:58      11    7.07    0.00    1.01    1.01    0.00    0.00    0.00    0.00    0.00   90.91
14:51:58      12    6.06    0.00    1.01    1.01    0.00    0.00    0.00    0.00    0.00   91.92
14:51:58      13    9.00    0.00    1.00    1.00    0.00    0.00    0.00    0.00    0.00   89.00
14:51:58      14    2.02    0.00    1.01    1.01    0.00    0.00    0.00    0.00    0.00   95.96
14:51:58      15    6.06    0.00    1.01    0.00    0.00    0.00    0.00    0.00    0.00   92.93

14:51:58     CPU    %usr   %nice    %sys %iowait    %irq   %soft  %steal  %guest  %gnice   %idle
14:51:59     all    3.97    0.00    1.26    3.03    0.00    0.13    0.00    0.00    0.00   91.61
14:51:59       0    0.00    0.00    1.01    0.00    0.00    0.00    0.00    0.00    0.00   98.99
14:51:59       1    8.33    0.00    5.21    9.38    0.00    0.00    0.00    0.00    0.00   77.08
14:51:59       2    3.12    0.00    2.08   17.71    0.00    0.00    0.00    0.00    0.00   77.08
14:51:59       3    2.02    0.00    3.03    7.07    0.00    0.00    0.00    0.00    0.00   87.88
14:51:59       4    0.00    0.00    0.00    0.00    0.00    0.00    0.00    0.00    0.00  100.00
14:51:59       5    6.06    0.00    0.00    0.00    0.00    1.01    0.00    0.00    0.00   92.93
14:51:59       6    7.92    0.00    0.99    0.00    0.00    0.00    0.00    0.00    0.00   91.09
14:51:59       7    0.00    0.00    0.00    0.00    0.00    0.00    0.00    0.00    0.00  100.00
14:51:59       8    1.00    0.00    1.00    0.00    0.00    0.00    0.00    0.00    0.00   98.00
14:51:59       9   14.00    0.00    0.00    1.00    0.00    0.00    0.00    0.00    0.00   85.00
14:51:59      10    0.00    0.00    1.01    0.00    0.00    0.00    0.00    0.00    0.00   98.99
14:51:59      11    1.00    0.00    1.00    2.00    0.00    0.00    0.00    0.00    0.00   96.00
14:51:59      12    1.98    0.00    1.98    4.95    0.00    0.99    0.00    0.00    0.00   90.10
14:51:59      13    0.00    0.00    2.04    6.12    0.00    0.00    0.00    0.00    0.00   91.84
14:51:59      14   16.83    0.00    0.99    0.00    0.00    0.00    0.00    0.00    0.00   82.18
14:51:59      15    1.00    0.00    0.00    1.00    0.00    0.00    0.00    0.00    0.00   98.00

14:51:59     CPU    %usr   %nice    %sys %iowait    %irq   %soft  %steal  %guest  %gnice   %idle
14:52:00     all    0.94    0.00    0.50    0.87    0.00    0.00    0.00    0.00    0.00   97.69
14:52:00       0    0.99    0.00    0.00    0.00    0.00    0.00    0.00    0.00    0.00   99.01
14:52:00       1    2.02    0.00    1.01    5.05    0.00    0.00    0.00    0.00    0.00   91.92
14:52:00       2    0.00    0.00    2.00    9.00    0.00    0.00    0.00    0.00    0.00   89.00
14:52:00       3    0.99    0.00    0.00    0.00    0.00    0.00    0.00    0.00    0.00   99.01
14:52:00       4    1.00    0.00    0.00    0.00    0.00    0.00    0.00    0.00    0.00   99.00
14:52:00       5    1.00    0.00    0.00    0.00    0.00    0.00    0.00    0.00    0.00   99.00
14:52:00       6    0.00    0.00    0.00    0.00    0.00    0.00    0.00    0.00    0.00  100.00
14:52:00       7    0.99    0.00    0.99    0.00    0.00    0.00    0.00    0.00    0.00   98.02
14:52:00       8    0.00    0.00    0.99    0.00    0.00    0.00    0.00    0.00    0.00   99.01
14:52:00       9    5.94    0.00    0.99    0.00    0.00    0.00    0.00    0.00    0.00   93.07
14:52:00      10    1.00    0.00    0.00    0.00    0.00    0.00    0.00    0.00    0.00   99.00
14:52:00      11    0.00    0.00    0.00    0.00    0.00    0.00    0.00    0.00    0.00  100.00
14:52:00      12    0.99    0.00    0.00    0.00    0.00    0.00    0.00    0.00    0.00   99.01
14:52:00      13    0.00    0.00    1.00    0.00    0.00    0.00    0.00    0.00    0.00   99.00
14:52:00      14    0.00    0.00    0.00    0.00    0.00    0.00    0.00    0.00    0.00  100.00
14:52:00      15    0.00    0.00    1.00    0.00    0.00    0.00    0.00    0.00    0.00   99.00

14:52:00     CPU    %usr   %nice    %sys %iowait    %irq   %soft  %steal  %guest  %gnice   %idle
14:52:01     all    0.56    0.00    0.31    0.00    0.00    0.13    0.00    0.00    0.00   99.00
14:52:01       0    0.00    0.00    0.00    0.00    0.00    0.00    0.00    0.00    0.00  100.00
14:52:01       1    0.00    0.00    0.00    0.00    0.00    0.00    0.00    0.00    0.00  100.00
14:52:01       2    0.00    0.00    0.00    0.00    0.00    0.00    0.00    0.00    0.00  100.00
14:52:01       3    1.00    0.00    0.00    0.00    0.00    0.00    0.00    0.00    0.00   99.00
14:52:01       4    0.00    0.00    0.99    0.00    0.00    0.99    0.00    0.00    0.00   98.02
14:52:01       5    0.00    0.00    0.99    0.00    0.00    0.00    0.00    0.00    0.00   99.01
14:52:01       6    0.00    0.00    1.00    0.00    0.00    0.00    0.00    0.00    0.00   99.00
14:52:01       7    0.00    0.00    0.00    0.00    0.00    0.00    0.00    0.00    0.00  100.00
14:52:01       8    0.00    0.00    0.00    0.00    0.00    0.00    0.00    0.00    0.00  100.00
14:52:01       9    5.00    0.00    1.00    0.00    0.00    0.00    0.00    0.00    0.00   94.00
14:52:01      10    0.00    0.00    0.00    0.00    0.00    0.00    0.00    0.00    0.00  100.00
14:52:01      11    0.99    0.00    0.99    0.00    0.00    0.00    0.00    0.00    0.00   98.02
14:52:01      12    0.00    0.00    0.00    0.00    0.00    0.00    0.00    0.00    0.00  100.00
14:52:01      13    0.00    0.00    0.00    0.00    0.00    0.00    0.00    0.00    0.00  100.00
14:52:01      14    1.00    0.00    0.00    0.00    0.00    1.00    0.00    0.00    0.00   98.00
14:52:01      15    1.00    0.00    0.00    0.00    0.00    0.00    0.00    0.00    0.00   99.00

14:52:01     CPU    %usr   %nice    %sys %iowait    %irq   %soft  %steal  %guest  %gnice   %idle
14:52:02     all    1.44    0.00    0.25    0.00    0.00    0.00    0.00    0.00    0.00   98.31
14:52:02       0    2.00    0.00    0.00    0.00    0.00    0.00    0.00    0.00    0.00   98.00
14:52:02       1    1.00    0.00    0.00    0.00    0.00    0.00    0.00    0.00    0.00   99.00
14:52:02       2    0.00    0.00    0.00    0.00    0.00    0.00    0.00    0.00    0.00  100.00
14:52:02       3    0.00    0.00    0.00    0.00    0.00    0.00    0.00    0.00    0.00  100.00
14:52:02       4    2.00    0.00    0.00    0.00    0.00    0.00    0.00    0.00    0.00   98.00
14:52:02       5    2.00    0.00    1.00    0.00    0.00    0.00    0.00    0.00    0.00   97.00
14:52:02       6    0.99    0.00    0.00    0.00    0.00    0.00    0.00    0.00    0.00   99.01
14:52:02       7    2.02    0.00    0.00    0.00    0.00    0.00    0.00    0.00    0.00   97.98
14:52:02       8    0.99    0.00    0.00    0.00    0.00    0.00    0.00    0.00    0.00   99.01
14:52:02       9    8.00    0.00    0.00    0.00    0.00    0.00    0.00    0.00    0.00   92.00
14:52:02      10    1.00    0.00    1.00    0.00    0.00    0.00    0.00    0.00    0.00   98.00
14:52:02      11    1.01    0.00    0.00    0.00    0.00    0.00    0.00    0.00    0.00   98.99
14:52:02      12    0.00    0.00    0.99    0.00    0.00    0.00    0.00    0.00    0.00   99.01
14:52:02      13    0.00    0.00    0.00    0.00    0.00    0.00    0.00    0.00    0.00  100.00
14:52:02      14    0.99    0.00    0.00    0.00    0.00    0.00    0.00    0.00    0.00   99.01
14:52:02      15    1.00    0.00    1.00    0.00    0.00    0.00    0.00    0.00    0.00   98.00

14:52:02     CPU    %usr   %nice    %sys %iowait    %irq   %soft  %steal  %guest  %gnice   %idle
14:52:03     all    0.81    0.00    0.31    0.00    0.00    0.00    0.06    0.00    0.00   98.82
14:52:03       0    0.00    0.00    1.00    0.00    0.00    0.00    0.00    0.00    0.00   99.00
14:52:03       1    0.00    0.00    0.99    0.00    0.00    0.00    0.00    0.00    0.00   99.01
14:52:03       2    0.00    0.00    0.00    0.00    0.00    0.00    0.00    0.00    0.00  100.00
14:52:03       3    0.99    0.00    0.00    0.00    0.00    0.00    0.00    0.00    0.00   99.01
14:52:03       4    0.99    0.00    0.99    0.00    0.00    0.00    0.00    0.00    0.00   98.02
14:52:03       5    0.99    0.00    0.00    0.00    0.00    0.00    0.00    0.00    0.00   99.01
14:52:03       6    1.01    0.00    0.00    0.00    0.00    0.00    0.00    0.00    0.00   98.99
14:52:03       7    0.99    0.00    0.99    0.00    0.00    0.00    0.00    0.00    0.00   98.02
14:52:03       8    0.00    0.00    0.00    0.00    0.00    0.00    1.00    0.00    0.00   99.00
14:52:03       9    3.03    0.00    0.00    0.00    0.00    0.00    0.00    0.00    0.00   96.97
14:52:03      10    0.00    0.00    0.00    0.00    0.00    0.00    0.00    0.00    0.00  100.00
14:52:03      11    1.00    0.00    0.00    0.00    0.00    0.00    0.00    0.00    0.00   99.00
14:52:03      12    1.00    0.00    0.00    0.00    0.00    0.00    0.00    0.00    0.00   99.00
14:52:03      13    1.00    0.00    0.00    0.00    0.00    0.00    0.00    0.00    0.00   99.00
14:52:03      14    1.00    0.00    0.00    0.00    0.00    0.00    0.00    0.00    0.00   99.00
14:52:03      15    0.99    0.00    0.99    0.00    0.00    0.00    0.00    0.00    0.00   98.02
