Linux 7.0.0-1006-aws (ip-172-31-47-97) 	06/20/26 	_x86_64_	(16 CPU)

14:52:04     CPU    %usr   %nice    %sys %iowait    %irq   %soft  %steal  %guest  %gnice   %idle
14:52:05     all   10.92    0.00    2.13    0.13    0.00    0.00    0.00    0.00    0.00   86.83
14:52:05       0    7.14    0.00    0.00    0.00    0.00    0.00    0.00    0.00    0.00   92.86
14:52:05       1   22.55    0.00    1.96    0.00    0.00    0.00    0.00    0.00    0.00   75.49
14:52:05       2   15.00    0.00    1.00    1.00    0.00    0.00    0.00    0.00    0.00   83.00
14:52:05       3   10.20    0.00    1.02    0.00    0.00    0.00    0.00    0.00    0.00   88.78
14:52:05       4    2.02    0.00    0.00    0.00    0.00    0.00    0.00    0.00    0.00   97.98
14:52:05       5    8.16    0.00    0.00    0.00    0.00    0.00    0.00    0.00    0.00   91.84
14:52:05       6   10.00    0.00    1.00    0.00    0.00    0.00    0.00    0.00    0.00   89.00
14:52:05       7    9.90    0.00    1.98    0.00    0.00    0.00    0.00    0.00    0.00   88.12
14:52:05       8   40.20    0.00   23.53    0.98    0.00    0.00    0.00    0.00    0.00   35.29
14:52:05       9    4.08    0.00    0.00    0.00    0.00    0.00    0.00    0.00    0.00   95.92
14:52:05      10    4.04    0.00    0.00    0.00    0.00    0.00    0.00    0.00    0.00   95.96
14:52:05      11    5.05    0.00    0.00    0.00    0.00    0.00    0.00    0.00    0.00   94.95
14:52:05      12   10.00    0.00    1.00    0.00    0.00    0.00    0.00    0.00    0.00   89.00
14:52:05      13   16.16    0.00    1.01    0.00    0.00    0.00    0.00    0.00    0.00   82.83
14:52:05      14    4.00    0.00    1.00    0.00    0.00    0.00    0.00    0.00    0.00   95.00
14:52:05      15    4.95    0.00    0.00    0.00    0.00    0.00    0.00    0.00    0.00   95.05

14:52:05     CPU    %usr   %nice    %sys %iowait    %irq   %soft  %steal  %guest  %gnice   %idle
14:52:06     all    9.73    0.00    0.95    0.25    0.00    0.06    0.00    0.00    0.00   88.99
14:52:06       0    2.06    0.00    0.00    0.00    0.00    0.00    0.00    0.00    0.00   97.94
14:52:06       1    3.09    0.00    1.03    0.00    0.00    0.00    0.00    0.00    0.00   95.88
14:52:06       2   11.22    0.00    2.04    0.00    0.00    0.00    0.00    0.00    0.00   86.73
14:52:06       3   25.00    0.00    1.00    0.00    0.00    0.00    0.00    0.00    0.00   74.00
14:52:06       4   20.00    0.00    1.00    1.00    0.00    0.00    0.00    0.00    0.00   78.00
14:52:06       5    5.10    0.00    1.02    0.00    0.00    0.00    0.00    0.00    0.00   93.88
14:52:06       6    4.17    0.00    1.04    1.04    0.00    0.00    0.00    0.00    0.00   93.75
14:52:06       7   16.33    0.00    1.02    0.00    0.00    0.00    0.00    0.00    0.00   82.65
14:52:06       8   11.11    0.00    1.01    0.00    0.00    1.01    0.00    0.00    0.00   86.87
14:52:06       9    3.03    0.00    1.01    0.00    0.00    0.00    0.00    0.00    0.00   95.96
14:52:06      10    7.22    0.00    1.03    0.00    0.00    0.00    0.00    0.00    0.00   91.75
14:52:06      11   11.00    0.00    1.00    1.00    0.00    0.00    0.00    0.00    0.00   87.00
14:52:06      12    7.14    0.00    0.00    0.00    0.00    0.00    0.00    0.00    0.00   92.86
14:52:06      13   13.00    0.00    1.00    1.00    0.00    0.00    0.00    0.00    0.00   85.00
14:52:06      14    7.22    0.00    0.00    0.00    0.00    0.00    0.00    0.00    0.00   92.78
14:52:06      15    8.16    0.00    2.04    0.00    0.00    0.00    0.00    0.00    0.00   89.80

14:52:06     CPU    %usr   %nice    %sys %iowait    %irq   %soft  %steal  %guest  %gnice   %idle
14:52:07     all    9.53    0.00    1.19    0.25    0.00    0.06    0.00    0.00    0.00   88.97
14:52:07       0   12.87    0.00    0.99    0.99    0.00    0.00    0.00    0.00    0.00   85.15
14:52:07       1    2.00    0.00    1.00    0.00    0.00    0.00    0.00    0.00    0.00   97.00
14:52:07       2    4.00    0.00    1.00    0.00    0.00    1.00    0.00    0.00    0.00   94.00
14:52:07       3   41.58    0.00    0.99    0.00    0.00    0.00    0.00    0.00    0.00   57.43
14:52:07       4   17.00    0.00    1.00    0.00    0.00    0.00    0.00    0.00    0.00   82.00
14:52:07       5    7.14    0.00    2.04    1.02    0.00    0.00    0.00    0.00    0.00   89.80
14:52:07       6    8.25    0.00    1.03    1.03    0.00    0.00    0.00    0.00    0.00   89.69
14:52:07       7    9.00    0.00    1.00    0.00    0.00    0.00    0.00    0.00    0.00   90.00
14:52:07       8    2.04    0.00    1.02    0.00    0.00    0.00    0.00    0.00    0.00   96.94
14:52:07       9    3.03    0.00    1.01    0.00    0.00    0.00    0.00    0.00    0.00   95.96
14:52:07      10    5.00    0.00    1.00    1.00    0.00    0.00    0.00    0.00    0.00   93.00
14:52:07      11   11.00    0.00    1.00    0.00    0.00    0.00    0.00    0.00    0.00   88.00
14:52:07      12    4.95    0.00    1.98    0.00    0.00    0.00    0.00    0.00    0.00   93.07
14:52:07      13   10.78    0.00    1.96    0.00    0.00    0.00    0.00    0.00    0.00   87.25
14:52:07      14    4.00    0.00    1.00    0.00    0.00    0.00    0.00    0.00    0.00   95.00
14:52:07      15    9.18    0.00    1.02    0.00    0.00    0.00    0.00    0.00    0.00   89.80

14:52:07     CPU    %usr   %nice    %sys %iowait    %irq   %soft  %steal  %guest  %gnice   %idle
14:52:08     all    9.73    0.00    1.97    0.25    0.00    0.43    0.00    0.00    0.00   87.62
14:52:08       0   14.56    0.00    2.91    0.00    0.00    0.97    0.00    0.00    0.00   81.55
14:52:08       1   10.00    0.00    3.00    0.00    0.00    0.00    0.00    0.00    0.00   87.00
14:52:08       2    2.00    0.00    1.00    0.00    0.00    0.00    0.00    0.00    0.00   97.00
14:52:08       3   42.31    0.00    1.92    0.00    0.00    0.00    0.00    0.00    0.00   55.77
14:52:08       4   12.00    0.00    0.00    0.00    0.00    0.00    0.00    0.00    0.00   88.00
14:52:08       5    7.29    0.00    1.04    0.00    0.00    0.00    0.00    0.00    0.00   91.67
14:52:08       6    8.16    0.00    3.06    0.00    0.00    0.00    0.00    0.00    0.00   88.78
14:52:08       7    4.95    0.00    1.98    0.00    0.00    0.00    0.00    0.00    0.00   93.07
14:52:08       8    2.91    0.00    2.91    0.00    0.00    0.00    0.00    0.00    0.00   94.17
14:52:08       9    4.81    0.00    1.92    0.00    0.00    0.96    0.00    0.00    0.00   92.31
14:52:08      10    4.81    0.00    1.92    0.00    0.00    0.96    0.00    0.00    0.00   92.31
14:52:08      11    4.81    0.00    2.88    1.92    0.00    0.96    0.00    0.00    0.00   89.42
14:52:08      12   18.63    0.00    1.96    0.00    0.00    0.00    0.00    0.00    0.00   79.41
14:52:08      13   10.89    0.00    1.98    0.99    0.00    0.99    0.00    0.00    0.00   85.15
14:52:08      14    2.91    0.00    1.94    0.00    0.00    0.97    0.00    0.00    0.00   94.17
14:52:08      15    3.96    0.00    0.99    0.99    0.00    0.99    0.00    0.00    0.00   93.07

14:52:08     CPU    %usr   %nice    %sys %iowait    %irq   %soft  %steal  %guest  %gnice   %idle
14:52:09     all    9.88    0.00    1.85    0.19    0.00    0.12    0.00    0.00    0.00   87.96
14:52:09       0    8.91    0.00    0.99    0.00    0.00    0.00    0.00    0.00    0.00   90.10
14:52:09       1    6.00    0.00    1.00    1.00    0.00    0.00    0.00    0.00    0.00   92.00
14:52:09       2    8.00    0.00    2.00    0.00    0.00    0.00    0.00    0.00    0.00   90.00
14:52:09       3   45.19    0.00    1.92    0.96    0.00    0.00    0.00    0.00    0.00   51.92
14:52:09       4    6.93    0.00    1.98    0.00    0.00    0.99    0.00    0.00    0.00   90.10
14:52:09       5   11.34    0.00    1.03    0.00    0.00    0.00    0.00    0.00    0.00   87.63
14:52:09       6   10.68    0.00    1.94    0.97    0.00    0.00    0.00    0.00    0.00   86.41
14:52:09       7    7.00    0.00    2.00    0.00    0.00    1.00    0.00    0.00    0.00   90.00
14:52:09       8    3.96    0.00    1.98    0.00    0.00    0.00    0.00    0.00    0.00   94.06
14:52:09       9    3.85    0.00    2.88    0.00    0.00    0.00    0.00    0.00    0.00   93.27
14:52:09      10    3.00    0.00    1.00    0.00    0.00    0.00    0.00    0.00    0.00   96.00
14:52:09      11    7.77    0.00    1.94    0.00    0.00    0.00    0.00    0.00    0.00   90.29
14:52:09      12   13.13    0.00    2.02    0.00    0.00    0.00    0.00    0.00    0.00   84.85
14:52:09      13   14.00    0.00    2.00    0.00    0.00    0.00    0.00    0.00    0.00   84.00
14:52:09      14    3.81    0.00    2.86    0.00    0.00    0.00    0.00    0.00    0.00   93.33
14:52:09      15    3.96    0.00    1.98    0.00    0.00    0.00    0.00    0.00    0.00   94.06

14:52:09     CPU    %usr   %nice    %sys %iowait    %irq   %soft  %steal  %guest  %gnice   %idle
14:52:10     all    9.76    0.00    2.33    0.18    0.00    0.31    0.00    0.00    0.00   87.42
14:52:10       0    5.83    0.00    2.91    0.00    0.00    0.00    0.00    0.00    0.00   91.26
14:52:10       1   12.38    0.00    1.90    0.00    0.00    0.95    0.00    0.00    0.00   84.76
14:52:10       2    2.88    0.00    1.92    0.00    0.00    0.96    0.00    0.00    0.00   94.23
14:52:10       3   39.22    0.00    2.94    0.00    0.00    0.98    0.00    0.00    0.00   56.86
14:52:10       4   17.82    0.00    0.99    0.00    0.00    0.00    0.00    0.00    0.00   81.19
14:52:10       5   10.00    0.00    3.00    1.00    0.00    0.00    0.00    0.00    0.00   86.00
14:52:10       6    9.80    0.00    1.96    0.98    0.00    0.98    0.00    0.00    0.00   86.27
14:52:10       7    6.60    0.00    2.83    0.94    0.00    0.00    0.00    0.00    0.00   89.62
14:52:10       8    3.96    0.00    2.97    0.00    0.00    0.00    0.00    0.00    0.00   93.07
14:52:10       9    1.96    0.00    2.94    0.00    0.00    0.00    0.00    0.00    0.00   95.10
14:52:10      10    4.85    0.00    1.94    0.00    0.00    0.00    0.00    0.00    0.00   93.20
14:52:10      11    9.28    0.00    2.06    0.00    0.00    0.00    0.00    0.00    0.00   88.66
14:52:10      12    6.00    0.00    2.00    0.00    0.00    0.00    0.00    0.00    0.00   92.00
14:52:10      13    8.00    0.00    3.00    0.00    0.00    0.00    0.00    0.00    0.00   89.00
14:52:10      14    8.08    0.00    2.02    0.00    0.00    1.01    0.00    0.00    0.00   88.89
14:52:10      15    9.62    0.00    1.92    0.00    0.00    0.00    0.00    0.00    0.00   88.46

14:52:10     CPU    %usr   %nice    %sys %iowait    %irq   %soft  %steal  %guest  %gnice   %idle
14:52:11     all    9.54    0.00    2.40    0.25    0.00    0.18    0.00    0.00    0.00   87.63
14:52:11       0    3.96    0.00    1.98    0.00    0.00    0.00    0.00    0.00    0.00   94.06
14:52:11       1    4.90    0.00    0.98    0.00    0.00    0.00    0.00    0.00    0.00   94.12
14:52:11       2    3.88    0.00    2.91    0.00    0.00    0.00    0.00    0.00    0.00   93.20
14:52:11       3   44.55    0.00    1.98    0.00    0.00    0.00    0.00    0.00    0.00   53.47
14:52:11       4   11.34    0.00    3.09    0.00    0.00    0.00    0.00    0.00    0.00   85.57
14:52:11       5    5.94    0.00    2.97    0.00    0.00    0.99    0.00    0.00    0.00   90.10
14:52:11       6   11.00    0.00    4.00    1.00    0.00    0.00    0.00    0.00    0.00   84.00
14:52:11       7    3.88    0.00    2.91    0.97    0.00    0.00    0.00    0.00    0.00   92.23
14:52:11       8    7.00    0.00    2.00    1.00    0.00    0.00    0.00    0.00    0.00   90.00
14:52:11       9    6.86    0.00    2.94    0.00    0.00    0.00    0.00    0.00    0.00   90.20
14:52:11      10    4.81    0.00    2.88    0.00    0.00    0.00    0.00    0.00    0.00   92.31
14:52:11      11    4.81    0.00    1.92    0.00    0.00    0.00    0.00    0.00    0.00   93.27
14:52:11      12    6.67    0.00    2.86    0.00    0.00    0.95    0.00    0.00    0.00   89.52
14:52:11      13    2.94    0.00    0.98    0.00    0.00    0.00    0.00    0.00    0.00   96.08
14:52:11      14    7.84    0.00    2.94    0.00    0.00    0.98    0.00    0.00    0.00   88.24
14:52:11      15   23.47    0.00    1.02    1.02    0.00    0.00    0.00    0.00    0.00   74.49

14:52:11     CPU    %usr   %nice    %sys %iowait    %irq   %soft  %steal  %guest  %gnice   %idle
14:52:12     all    9.08    0.00    2.04    0.25    0.00    0.49    0.00    0.00    0.00   88.14
14:52:12       0   10.89    0.00    0.99    0.00    0.00    0.99    0.00    0.00    0.00   87.13
14:52:12       1    1.98    0.00    1.98    0.00    0.00    0.00    0.00    0.00    0.00   96.04
14:52:12       2    2.88    0.00    2.88    0.96    0.00    0.96    0.00    0.00    0.00   92.31
14:52:12       3   35.92    0.00    0.97    0.00    0.00    0.00    0.00    0.00    0.00   63.11
14:52:12       4   10.58    0.00    1.92    0.00    0.00    0.00    0.00    0.00    0.00   87.50
14:52:12       5   13.68    0.00    3.16    0.00    0.00    0.00    0.00    0.00    0.00   83.16
14:52:12       6    3.96    0.00    1.98    0.00    0.00    0.00    0.00    0.00    0.00   94.06
14:52:12       7    4.90    0.00    1.96    0.00    0.00    0.98    0.00    0.00    0.00   92.16
14:52:12       8    2.94    0.00    0.98    0.98    0.00    0.98    0.00    0.00    0.00   94.12
14:52:12       9    5.05    0.00    2.02    0.00    0.00    1.01    0.00    0.00    0.00   91.92
14:52:12      10   14.85    0.00    3.96    0.00    0.00    0.99    0.00    0.00    0.00   80.20
14:52:12      11   10.58    0.00    2.88    0.96    0.00    0.96    0.00    0.00    0.00   84.62
14:52:12      12    2.97    0.00    0.99    0.99    0.00    0.00    0.00    0.00    0.00   95.05
14:52:12      13   13.00    0.00    3.00    0.00    0.00    1.00    0.00    0.00    0.00   83.00
14:52:12      14    9.00    0.00    1.00    0.00    0.00    0.00    0.00    0.00    0.00   90.00
14:52:12      15    1.98    0.00    1.98    0.00    0.00    0.00    0.00    0.00    0.00   96.04

14:52:12     CPU    %usr   %nice    %sys %iowait    %irq   %soft  %steal  %guest  %gnice   %idle
14:52:13     all    8.51    0.00    2.53    0.31    0.00    0.31    0.00    0.00    0.00   88.35
14:52:13       0   10.10    0.00    2.02    1.01    0.00    0.00    0.00    0.00    0.00   86.87
14:52:13       1    4.00    0.00    1.00    0.00    0.00    0.00    0.00    0.00    0.00   95.00
14:52:13       2    4.00    0.00    2.00    1.00    0.00    0.00    0.00    0.00    0.00   93.00
14:52:13       3   19.80    0.00    1.98    0.99    0.00    0.00    0.00    0.00    0.00   77.23
14:52:13       4   32.67    0.00    0.99    0.00    0.00    0.00    0.00    0.00    0.00   66.34
14:52:13       5    3.92    0.00    2.94    0.00    0.00    0.98    0.00    0.00    0.00   92.16
14:52:13       6    2.04    0.00    3.06    0.00    0.00    0.00    0.00    0.00    0.00   94.90
14:52:13       7    7.77    0.00    2.91    0.97    0.00    0.00    0.00    0.00    0.00   88.35
14:52:13       8    7.69    0.00    2.88    0.00    0.00    0.96    0.00    0.00    0.00   88.46
14:52:13       9    1.94    0.00    2.91    0.97    0.00    0.00    0.00    0.00    0.00   94.17
14:52:13      10    4.90    0.00    2.94    0.00    0.00    0.00    0.00    0.00    0.00   92.16
14:52:13      11    5.94    0.00    1.98    0.00    0.00    0.99    0.00    0.00    0.00   91.09
14:52:13      12    7.00    0.00    3.00    0.00    0.00    1.00    0.00    0.00    0.00   89.00
14:52:13      13    6.86    0.00    1.96    0.00    0.00    0.00    0.00    0.00    0.00   91.18
14:52:13      14    5.88    0.00    1.96    0.00    0.00    0.00    0.00    0.00    0.00   92.16
14:52:13      15   11.54    0.00    5.77    0.00    0.00    0.96    0.00    0.00    0.00   81.73

14:52:13     CPU    %usr   %nice    %sys %iowait    %irq   %soft  %steal  %guest  %gnice   %idle
14:52:14     all    7.68    0.00    2.60    0.25    0.00    0.12    0.00    0.00    0.00   89.34
14:52:14       0    3.96    0.00    1.98    0.00    0.00    0.00    0.00    0.00    0.00   94.06
14:52:14       1    2.94    0.00    1.96    0.00    0.00    0.00    0.00    0.00    0.00   95.10
14:52:14       2   10.89    0.00    2.97    0.00    0.00    0.00    0.00    0.00    0.00   86.14
14:52:14       3   22.77    0.00    2.97    0.99    0.00    0.00    0.00    0.00    0.00   73.27
14:52:14       4   11.00    0.00    4.00    1.00    0.00    0.00    0.00    0.00    0.00   84.00
14:52:14       5    5.26    0.00    2.11    1.05    0.00    0.00    0.00    0.00    0.00   91.58
14:52:14       6    4.81    0.00    2.88    0.96    0.00    0.00    0.00    0.00    0.00   91.35
14:52:14       7   20.59    0.00    1.96    0.00    0.00    0.98    0.00    0.00    0.00   76.47
14:52:14       8    2.02    0.00    2.02    0.00    0.00    0.00    0.00    0.00    0.00   95.96
14:52:14       9    7.00    0.00    4.00    0.00    0.00    0.00    0.00    0.00    0.00   89.00
14:52:14      10    3.92    0.00    2.94    0.00    0.00    0.00    0.00    0.00    0.00   93.14
14:52:14      11    9.00    0.00    4.00    0.00    0.00    0.00    0.00    0.00    0.00   87.00
14:52:14      12    3.88    0.00    2.91    0.00    0.00    0.00    0.00    0.00    0.00   93.20
14:52:14      13    1.98    0.00    1.98    0.00    0.00    0.00    0.00    0.00    0.00   96.04
14:52:14      14    1.96    0.00    0.98    0.00    0.00    0.98    0.00    0.00    0.00   96.08
14:52:14      15   10.89    0.00    1.98    0.00    0.00    0.00    0.00    0.00    0.00   87.13

14:52:14     CPU    %usr   %nice    %sys %iowait    %irq   %soft  %steal  %guest  %gnice   %idle
14:52:15     all    8.37    0.00    2.11    0.12    0.00    0.19    0.00    0.00    0.00   89.21
14:52:15       0    7.84    0.00    2.94    0.00    0.00    0.00    0.00    0.00    0.00   89.22
14:52:15       1    9.00    0.00    1.00    0.00    0.00    0.00    0.00    0.00    0.00   90.00
14:52:15       2    5.00    0.00    2.00    0.00    0.00    0.00    0.00    0.00    0.00   93.00
14:52:15       3   10.78    0.00    2.94    0.00    0.00    0.00    0.00    0.00    0.00   86.27
14:52:15       4   28.16    0.00    2.91    0.00    0.00    0.97    0.00    0.00    0.00   67.96
14:52:15       5    3.92    0.00    2.94    0.98    0.00    0.00    0.00    0.00    0.00   92.16
14:52:15       6    2.94    0.00    1.96    0.00    0.00    0.98    0.00    0.00    0.00   94.12
14:52:15       7   20.00    0.00    0.00    0.00    0.00    0.00    0.00    0.00    0.00   80.00
14:52:15       8    4.85    0.00    2.91    0.00    0.00    0.00    0.00    0.00    0.00   92.23
14:52:15       9    4.08    0.00    1.02    0.00    0.00    0.00    0.00    0.00    0.00   94.90
14:52:15      10    6.86    0.00    0.98    0.00    0.00    0.98    0.00    0.00    0.00   91.18
14:52:15      11    9.80    0.00    1.96    0.00    0.00    0.00    0.00    0.00    0.00   88.24
14:52:15      12    4.12    0.00    1.03    0.00    0.00    0.00    0.00    0.00    0.00   94.85
14:52:15      13    4.95    0.00    2.97    0.00    0.00    0.00    0.00    0.00    0.00   92.08
14:52:15      14    3.85    0.00    2.88    0.96    0.00    0.00    0.00    0.00    0.00   92.31
14:52:15      15    7.37    0.00    3.16    0.00    0.00    0.00    0.00    0.00    0.00   89.47

14:52:15     CPU    %usr   %nice    %sys %iowait    %irq   %soft  %steal  %guest  %gnice   %idle
14:52:16     all   10.12    0.00    2.65    0.43    0.00    0.43    0.00    0.00    0.00   86.36
14:52:16       0    8.42    0.00    3.16    0.00    0.00    0.00    0.00    0.00    0.00   88.42
14:52:16       1   12.12    0.00    2.02    0.00    0.00    1.01    0.00    0.00    0.00   84.85
14:52:16       2    5.88    0.00    1.96    0.98    0.00    0.98    0.00    0.00    0.00   90.20
14:52:16       3   15.69    0.00    3.92    0.98    0.00    0.98    0.00    0.00    0.00   78.43
14:52:16       4   24.24    0.00    4.04    0.00    0.00    0.00    0.00    0.00    0.00   71.72
14:52:16       5    3.96    0.00    1.98    0.00    0.00    0.00    0.00    0.00    0.00   94.06
14:52:16       6    3.92    0.00    2.94    0.00    0.00    0.00    0.00    0.00    0.00   93.14
14:52:16       7    7.00    0.00    4.00    0.00    0.00    0.00    0.00    0.00    0.00   89.00
14:52:16       8    5.88    0.00    2.94    0.00    0.00    0.98    0.00    0.00    0.00   90.20
14:52:16       9    5.88    0.00    2.94    0.00    0.00    0.98    0.00    0.00    0.00   90.20
14:52:16      10   30.10    0.00    1.94    0.97    0.00    0.00    0.00    0.00    0.00   66.99
14:52:16      11    5.88    0.00    1.96    0.98    0.00    0.00    0.00    0.00    0.00   91.18
14:52:16      12    5.71    0.00    2.86    0.95    0.00    0.95    0.00    0.00    0.00   89.52
14:52:16      13   11.65    0.00    1.94    0.97    0.00    0.97    0.00    0.00    0.00   84.47
14:52:16      14    9.80    0.00    1.96    0.00    0.00    0.00    0.00    0.00    0.00   88.24
14:52:16      15    5.94    0.00    1.98    0.99    0.00    0.00    0.00    0.00    0.00   91.09

14:52:16     CPU    %usr   %nice    %sys %iowait    %irq   %soft  %steal  %guest  %gnice   %idle
14:52:17     all    7.04    0.00    2.43    0.25    0.00    0.12    0.00    0.00    0.00   90.15
14:52:17       0   10.00    0.00    6.00    1.00    0.00    1.00    0.00    0.00    0.00   82.00
14:52:17       1    8.00    0.00    3.00    0.00    0.00    0.00    0.00    0.00    0.00   89.00
14:52:17       2    8.16    0.00    4.08    0.00    0.00    0.00    0.00    0.00    0.00   87.76
14:52:17       3    3.96    0.00    2.97    0.00    0.00    0.00    0.00    0.00    0.00   93.07
14:52:17       4   42.31    0.00    2.88    0.96    0.00    0.00    0.00    0.00    0.00   53.85
14:52:17       5    0.00    0.00    1.01    0.00    0.00    0.00    0.00    0.00    0.00   98.99
14:52:17       6    2.94    0.00    1.96    0.98    0.00    0.98    0.00    0.00    0.00   93.14
14:52:17       7    6.38    0.00    4.26    0.00    0.00    0.00    0.00    0.00    0.00   89.36
14:52:17       8    5.94    0.00    1.98    0.00    0.00    0.00    0.00    0.00    0.00   92.08
14:52:17       9    1.98    0.00    1.98    0.00    0.00    0.00    0.00    0.00    0.00   96.04
14:52:17      10    1.01    0.00    1.01    1.01    0.00    0.00    0.00    0.00    0.00   96.97
14:52:17      11    4.04    0.00    2.02    0.00    0.00    0.00    0.00    0.00    0.00   93.94
14:52:17      12    2.91    0.00    1.94    0.00    0.00    0.00    0.00    0.00    0.00   95.15
14:52:17      13    8.00    0.00    1.00    0.00    0.00    0.00    0.00    0.00    0.00   91.00
14:52:17      14    3.88    0.00    1.94    0.00    0.00    0.00    0.00    0.00    0.00   94.17
14:52:17      15    2.00    0.00    1.00    0.00    0.00    0.00    0.00    0.00    0.00   97.00

14:52:17     CPU    %usr   %nice    %sys %iowait    %irq   %soft  %steal  %guest  %gnice   %idle
14:52:18     all    9.51    0.00    2.05    0.12    0.00    0.12    0.00    0.00    0.00   88.19
14:52:18       0    3.88    0.00    1.94    0.00    0.00    0.00    0.00    0.00    0.00   94.17
14:52:18       1   18.00    0.00    2.00    0.00    0.00    0.00    0.00    0.00    0.00   80.00
14:52:18       2   10.00    0.00    0.00    0.00    0.00    0.00    0.00    0.00    0.00   90.00
14:52:18       3    8.00    0.00    2.00    0.00    0.00    0.00    0.00    0.00    0.00   90.00
14:52:18       4    9.71    0.00    3.88    0.00    0.00    0.00    0.00    0.00    0.00   86.41
14:52:18       5    4.95    0.00    0.99    0.00    0.00    0.00    0.00    0.00    0.00   94.06
14:52:18       6    2.94    0.00    1.96    0.00    0.00    0.00    0.00    0.00    0.00   95.10
14:52:18       7   10.89    0.00    2.97    0.99    0.00    0.00    0.00    0.00    0.00   85.15
14:52:18       8    8.33    0.00    4.17    0.00    0.00    0.00    0.00    0.00    0.00   87.50
14:52:18       9    8.91    0.00    3.96    0.00    0.00    0.99    0.00    0.00    0.00   86.14
14:52:18      10   25.00    0.00    2.00    1.00    0.00    0.00    0.00    0.00    0.00   72.00
14:52:18      11    6.00    0.00    2.00    0.00    0.00    0.00    0.00    0.00    0.00   92.00
14:52:18      12    5.00    0.00    1.00    0.00    0.00    0.00    0.00    0.00    0.00   94.00
14:52:18      13    5.94    0.00    1.98    0.00    0.00    0.00    0.00    0.00    0.00   92.08
14:52:18      14    7.00    0.00    1.00    0.00    0.00    1.00    0.00    0.00    0.00   91.00
14:52:18      15   17.82    0.00    0.99    0.00    0.00    0.00    0.00    0.00    0.00   81.19

14:52:18     CPU    %usr   %nice    %sys %iowait    %irq   %soft  %steal  %guest  %gnice   %idle
14:52:19     all    7.46    0.00    1.87    0.44    0.00    0.31    0.00    0.00    0.00   89.93
14:52:19       0    2.00    0.00    1.00    0.00    0.00    0.00    0.00    0.00    0.00   97.00
14:52:19       1    2.00    0.00    1.00    0.00    0.00    0.00    0.00    0.00    0.00   97.00
14:52:19       2    7.84    0.00    1.96    0.00    0.00    0.00    0.00    0.00    0.00   90.20
14:52:19       3    0.98    0.00    1.96    0.00    0.00    0.98    0.00    0.00    0.00   96.08
14:52:19       4    6.80    0.00    2.91    0.00    0.00    0.97    0.00    0.00    0.00   89.32
14:52:19       5    9.00    0.00    1.00    0.00    0.00    1.00    0.00    0.00    0.00   89.00
14:52:19       6    5.00    0.00    1.00    0.00    0.00    0.00    0.00    0.00    0.00   94.00
14:52:19       7    4.00    0.00    1.00    0.00    0.00    0.00    0.00    0.00    0.00   95.00
14:52:19       8    6.00    0.00    3.00    1.00    0.00    0.00    0.00    0.00    0.00   90.00
14:52:19       9    7.07    0.00    3.03    1.01    0.00    0.00    0.00    0.00    0.00   88.89
14:52:19      10   21.21    0.00    3.03    1.01    0.00    0.00    0.00    0.00    0.00   74.75
14:52:19      11    1.01    0.00    1.01    2.02    0.00    0.00    0.00    0.00    0.00   95.96
14:52:19      12    8.08    0.00    3.03    1.01    0.00    1.01    0.00    0.00    0.00   86.87
14:52:19      13    5.83    0.00    1.94    0.97    0.00    0.00    0.00    0.00    0.00   91.26
14:52:19      14    4.00    0.00    1.00    0.00    0.00    0.00    0.00    0.00    0.00   95.00
14:52:19      15   28.43    0.00    1.96    0.00    0.00    0.98    0.00    0.00    0.00   68.63

14:52:19     CPU    %usr   %nice    %sys %iowait    %irq   %soft  %steal  %guest  %gnice   %idle
14:52:20     all    6.42    0.00    1.57    0.25    0.00    0.06    0.00    0.00    0.00   91.70
14:52:20       0    2.02    0.00    1.01    0.00    0.00    0.00    0.00    0.00    0.00   96.97
14:52:20       1    6.06    0.00    4.04    1.01    0.00    0.00    0.00    0.00    0.00   88.89
14:52:20       2    1.01    0.00    0.00    0.00    0.00    0.00    0.00    0.00    0.00   98.99
14:52:20       3    3.06    0.00    0.00    0.00    0.00    0.00    0.00    0.00    0.00   96.94
14:52:20       4    6.06    0.00    3.03    0.00    0.00    0.00    0.00    0.00    0.00   90.91
14:52:20       5    4.04    0.00    2.02    1.01    0.00    0.00    0.00    0.00    0.00   92.93
14:52:20       6    1.98    0.00    0.99    0.00    0.00    0.00    0.00    0.00    0.00   97.03
14:52:20       7    3.03    0.00    1.01    0.00    0.00    0.00    0.00    0.00    0.00   95.96
14:52:20       8    6.12    0.00    1.02    0.00    0.00    0.00    0.00    0.00    0.00   92.86
14:52:20       9    6.06    0.00    1.01    0.00    0.00    0.00    0.00    0.00    0.00   92.93
14:52:20      10   39.60    0.00    1.98    0.00    0.00    0.00    0.00    0.00    0.00   58.42
14:52:20      11    1.98    0.00    0.99    1.98    0.00    0.00    0.00    0.00    0.00   95.05
14:52:20      12    4.04    0.00    2.02    0.00    0.00    0.00    0.00    0.00    0.00   93.94
14:52:20      13    5.00    0.00    2.00    0.00    0.00    1.00    0.00    0.00    0.00   92.00
14:52:20      14    3.00    0.00    3.00    0.00    0.00    0.00    0.00    0.00    0.00   94.00
14:52:20      15    9.09    0.00    1.01    0.00    0.00    0.00    0.00    0.00    0.00   89.90

14:52:20     CPU    %usr   %nice    %sys %iowait    %irq   %soft  %steal  %guest  %gnice   %idle
14:52:21     all    7.00    0.00    1.45    0.13    0.00    0.25    0.00    0.00    0.00   91.17
14:52:21       0    1.98    0.00    0.99    0.00    0.00    0.99    0.00    0.00    0.00   96.04
14:52:21       1    5.05    0.00    3.03    0.00    0.00    0.00    0.00    0.00    0.00   91.92
14:52:21       2   10.89    0.00    0.99    0.00    0.00    0.99    0.00    0.00    0.00   87.13
14:52:21       3   13.27    0.00    2.04    0.00    0.00    0.00    0.00    0.00    0.00   84.69
14:52:21       4    6.32    0.00    2.11    0.00    0.00    0.00    0.00    0.00    0.00   91.58
14:52:21       5   10.42    0.00    4.17    0.00    0.00    0.00    0.00    0.00    0.00   85.42
14:52:21       6    2.00    0.00    1.00    0.00    0.00    0.00    0.00    0.00    0.00   97.00
14:52:21       7    1.00    0.00    1.00    0.00    0.00    0.00    0.00    0.00    0.00   98.00
14:52:21       8    2.02    0.00    2.02    0.00    0.00    0.00    0.00    0.00    0.00   95.96
14:52:21       9    6.00    0.00    2.00    0.00    0.00    0.00    0.00    0.00    0.00   92.00
14:52:21      10   41.00    0.00    1.00    0.00    0.00    1.00    0.00    0.00    0.00   57.00
14:52:21      11    2.02    0.00    0.00    1.01    0.00    1.01    0.00    0.00    0.00   95.96
14:52:21      12    1.01    0.00    0.00    1.01    0.00    0.00    0.00    0.00    0.00   97.98
14:52:21      13    1.02    0.00    0.00    0.00    0.00    0.00    0.00    0.00    0.00   98.98
14:52:21      14    2.97    0.00    1.98    0.00    0.00    0.00    0.00    0.00    0.00   95.05
14:52:21      15    5.05    0.00    1.01    0.00    0.00    0.00    0.00    0.00    0.00   93.94

14:52:21     CPU    %usr   %nice    %sys %iowait    %irq   %soft  %steal  %guest  %gnice   %idle
14:52:22     all    7.98    0.00    1.38    0.19    0.00    0.13    0.00    0.00    0.00   90.32
14:52:22       0    8.08    0.00    2.02    0.00    0.00    0.00    0.00    0.00    0.00   89.90
14:52:22       1    3.03    0.00    1.01    0.00    0.00    0.00    0.00    0.00    0.00   95.96
14:52:22       2    2.00    0.00    1.00    0.00    0.00    0.00    0.00    0.00    0.00   97.00
14:52:22       3    2.02    0.00    1.01    0.00    0.00    0.00    0.00    0.00    0.00   96.97
14:52:22       4    1.01    0.00    1.01    0.00    0.00    0.00    0.00    0.00    0.00   97.98
14:52:22       5   12.12    0.00    0.00    0.00    0.00    0.00    0.00    0.00    0.00   87.88
14:52:22       6   13.00    0.00    2.00    1.00    0.00    0.00    0.00    0.00    0.00   84.00
14:52:22       7    5.94    0.00    0.99    0.00    0.00    0.99    0.00    0.00    0.00   92.08
14:52:22       8    8.25    0.00    3.09    0.00    0.00    0.00    0.00    0.00    0.00   88.66
14:52:22       9    3.03    0.00    1.01    0.00    0.00    0.00    0.00    0.00    0.00   95.96
14:52:22      10   28.71    0.00    0.99    0.00    0.00    0.00    0.00    0.00    0.00   70.30
14:52:22      11    5.00    0.00    1.00    0.00    0.00    0.00    0.00    0.00    0.00   94.00
14:52:22      12    2.00    0.00    2.00    0.00    0.00    0.00    0.00    0.00    0.00   96.00
14:52:22      13    1.00    0.00    2.00    2.00    0.00    0.00    0.00    0.00    0.00   95.00
14:52:22      14    9.09    0.00    2.02    0.00    0.00    1.01    0.00    0.00    0.00   87.88
14:52:22      15   23.23    0.00    1.01    0.00    0.00    0.00    0.00    0.00    0.00   75.76

14:52:22     CPU    %usr   %nice    %sys %iowait    %irq   %soft  %steal  %guest  %gnice   %idle
14:52:23     all    6.02    0.00    1.40    0.19    0.00    0.00    0.00    0.00    0.00   92.39
14:52:23       0    3.06    0.00    0.00    0.00    0.00    0.00    0.00    0.00    0.00   96.94
14:52:23       1    5.38    0.00    3.23    0.00    0.00    0.00    0.00    0.00    0.00   91.40
14:52:23       2    3.09    0.00    2.06    0.00    0.00    0.00    0.00    0.00    0.00   94.85
14:52:23       3    2.00    0.00    0.00    0.00    0.00    0.00    0.00    0.00    0.00   98.00
14:52:23       4    1.96    0.00    1.96    0.00    0.00    0.00    0.00    0.00    0.00   96.08
14:52:23       5    1.98    0.00    0.99    0.00    0.00    0.00    0.00    0.00    0.00   97.03
14:52:23       6    0.99    0.00    1.98    0.00    0.00    0.00    0.00    0.00    0.00   97.03
14:52:23       7    1.00    0.00    1.00    0.00    0.00    0.00    0.00    0.00    0.00   98.00
14:52:23       8    7.45    0.00    2.13    0.00    0.00    0.00    0.00    0.00    0.00   90.43
14:52:23       9    7.07    0.00    1.01    0.00    0.00    0.00    0.00    0.00    0.00   91.92
14:52:23      10   10.10    0.00    1.01    0.00    0.00    0.00    0.00    0.00    0.00   88.89
14:52:23      11    5.00    0.00    1.00    0.00    0.00    0.00    0.00    0.00    0.00   94.00
14:52:23      12    2.02    0.00    1.01    1.01    0.00    0.00    0.00    0.00    0.00   95.96
14:52:23      13    1.02    0.00    1.02    1.02    0.00    0.00    0.00    0.00    0.00   96.94
14:52:23      14    3.06    0.00    3.06    1.02    0.00    0.00    0.00    0.00    0.00   92.86
14:52:23      15   41.84    0.00    1.02    0.00    0.00    0.00    0.00    0.00    0.00   57.14

14:52:23     CPU    %usr   %nice    %sys %iowait    %irq   %soft  %steal  %guest  %gnice   %idle
14:52:24     all    6.90    0.00    1.20    0.32    0.00    0.06    0.00    0.00    0.00   91.52
14:52:24       0    3.96    0.00    1.98    0.99    0.00    0.00    0.00    0.00    0.00   93.07
14:52:24       1    7.22    0.00    2.06    1.03    0.00    0.00    0.00    0.00    0.00   89.69
14:52:24       2    1.98    0.00    0.99    0.00    0.00    0.00    0.00    0.00    0.00   97.03
14:52:24       3    2.00    0.00    1.00    1.00    0.00    0.00    0.00    0.00    0.00   96.00
14:52:24       4    1.01    0.00    1.01    0.00    0.00    0.00    0.00    0.00    0.00   97.98
14:52:24       5    1.00    0.00    2.00    0.00    0.00    0.00    0.00    0.00    0.00   97.00
14:52:24       6   11.00    0.00    1.00    0.00    0.00    1.00    0.00    0.00    0.00   87.00
14:52:24       7    2.00    0.00    1.00    0.00    0.00    0.00    0.00    0.00    0.00   97.00
14:52:24       8    8.51    0.00    4.26    1.06    0.00    0.00    0.00    0.00    0.00   86.17
14:52:24       9    4.12    0.00    2.06    0.00    0.00    0.00    0.00    0.00    0.00   93.81
14:52:24      10   16.33    0.00    1.02    0.00    0.00    0.00    0.00    0.00    0.00   82.65
14:52:24      11    7.00    0.00    1.00    0.00    0.00    0.00    0.00    0.00    0.00   92.00
14:52:24      12    6.12    0.00    0.00    0.00    0.00    0.00    0.00    0.00    0.00   93.88
14:52:24      13    4.08    0.00    0.00    0.00    0.00    0.00    0.00    0.00    0.00   95.92
14:52:24      14    3.03    0.00    0.00    0.00    0.00    0.00    0.00    0.00    0.00   96.97
14:52:24      15   31.63    0.00    0.00    1.02    0.00    0.00    0.00    0.00    0.00   67.35

14:52:24     CPU    %usr   %nice    %sys %iowait    %irq   %soft  %steal  %guest  %gnice   %idle
14:52:25     all    5.80    0.00    1.58    0.25    0.00    0.19    0.00    0.00    0.00   92.18
14:52:25       0    5.05    0.00    1.01    0.00    0.00    1.01    0.00    0.00    0.00   92.93
14:52:25       1    6.25    0.00    3.12    1.04    0.00    0.00    0.00    0.00    0.00   89.58
14:52:25       2    1.00    0.00    1.00    0.00    0.00    0.00    0.00    0.00    0.00   98.00
14:52:25       3    2.00    0.00    2.00    0.00    0.00    0.00    0.00    0.00    0.00   96.00
14:52:25       4    1.00    0.00    1.00    1.00    0.00    0.00    0.00    0.00    0.00   97.00
14:52:25       5    2.00    0.00    1.00    0.00    0.00    0.00    0.00    0.00    0.00   97.00
14:52:25       6    3.00    0.00    1.00    0.00    0.00    0.00    0.00    0.00    0.00   96.00
14:52:25       7    1.01    0.00    1.01    0.00    0.00    0.00    0.00    0.00    0.00   97.98
14:52:25       8    2.04    0.00    1.02    0.00    0.00    1.02    0.00    0.00    0.00   95.92
14:52:25       9    0.98    0.00    1.96    0.00    0.00    0.98    0.00    0.00    0.00   96.08
14:52:25      10    6.12    0.00    2.04    0.00    0.00    0.00    0.00    0.00    0.00   91.84
14:52:25      11    5.00    0.00    1.00    0.00    0.00    0.00    0.00    0.00    0.00   94.00
14:52:25      12    8.08    0.00    1.01    1.01    0.00    0.00    0.00    0.00    0.00   89.90
14:52:25      13    5.21    0.00    4.17    1.04    0.00    0.00    0.00    0.00    0.00   89.58
14:52:25      14    2.97    0.00    0.99    0.00    0.00    0.00    0.00    0.00    0.00   96.04
14:52:25      15   41.84    0.00    2.04    0.00    0.00    0.00    0.00    0.00    0.00   56.12

14:52:25     CPU    %usr   %nice    %sys %iowait    %irq   %soft  %steal  %guest  %gnice   %idle
14:52:26     all    7.27    0.00    2.13    0.25    0.00    0.19    0.00    0.00    0.00   90.16
14:52:26       0   24.75    0.00    1.98    0.00    0.00    0.00    0.00    0.00    0.00   73.27
14:52:26       1   22.68    0.00    3.09    0.00    0.00    0.00    0.00    0.00    0.00   74.23
14:52:26       2    2.91    0.00    1.94    0.00    0.00    0.97    0.00    0.00    0.00   94.17
14:52:26       3    4.04    0.00    2.02    0.00    0.00    0.00    0.00    0.00    0.00   93.94
14:52:26       4    6.93    0.00    2.97    0.00    0.00    0.99    0.00    0.00    0.00   89.11
14:52:26       5    2.91    0.00    1.94    0.97    0.00    0.97    0.00    0.00    0.00   93.20
14:52:26       6    3.03    0.00    1.01    0.00    0.00    0.00    0.00    0.00    0.00   95.96
14:52:26       7    2.04    0.00    1.02    1.02    0.00    0.00    0.00    0.00    0.00   95.92
14:52:26       8    1.98    0.00    1.98    0.99    0.00    0.00    0.00    0.00    0.00   95.05
14:52:26       9    3.00    0.00    1.00    0.00    0.00    0.00    0.00    0.00    0.00   96.00
14:52:26      10    3.09    0.00    2.06    1.03    0.00    0.00    0.00    0.00    0.00   93.81
14:52:26      11    3.96    0.00    1.98    0.00    0.00    0.00    0.00    0.00    0.00   94.06
14:52:26      12    1.00    0.00    1.00    0.00    0.00    0.00    0.00    0.00    0.00   98.00
14:52:26      13    6.19    0.00    3.09    0.00    0.00    0.00    0.00    0.00    0.00   90.72
14:52:26      14    4.95    0.00    1.98    0.00    0.00    0.00    0.00    0.00    0.00   93.07
14:52:26      15   23.47    0.00    5.10    0.00    0.00    0.00    0.00    0.00    0.00   71.43

14:52:26     CPU    %usr   %nice    %sys %iowait    %irq   %soft  %steal  %guest  %gnice   %idle
14:52:27     all    6.32    0.00    2.00    0.25    0.00    0.25    0.00    0.00    0.00   91.18
14:52:27       0   20.59    0.00    0.98    0.00    0.00    0.00    0.00    0.00    0.00   78.43
14:52:27       1   15.84    0.00    0.99    0.00    0.00    0.99    0.00    0.00    0.00   82.18
14:52:27       2    2.00    0.00    1.00    0.00    0.00    0.00    0.00    0.00    0.00   97.00
14:52:27       3   18.95    0.00    4.21    1.05    0.00    0.00    0.00    0.00    0.00   75.79
14:52:27       4    4.00    0.00    3.00    0.00    0.00    0.00    0.00    0.00    0.00   93.00
14:52:27       5    7.22    0.00    5.15    0.00    0.00    0.00    0.00    0.00    0.00   87.63
14:52:27       6    8.33    0.00    2.08    0.00    0.00    0.00    0.00    0.00    0.00   89.58
14:52:27       7    2.00    0.00    1.00    2.00    0.00    0.00    0.00    0.00    0.00   95.00
14:52:27       8    3.12    0.00    1.04    0.00    0.00    0.00    0.00    0.00    0.00   95.83
14:52:27       9    0.99    0.00    1.98    0.00    0.00    0.00    0.00    0.00    0.00   97.03
14:52:27      10    1.98    0.00    0.99    0.00    0.00    0.00    0.00    0.00    0.00   97.03
14:52:27      11    3.81    0.00    2.86    0.95    0.00    0.00    0.00    0.00    0.00   92.38
14:52:27      12    0.00    0.00    1.00    0.00    0.00    1.00    0.00    0.00    0.00   98.00
14:52:27      13    2.88    0.00    2.88    0.00    0.00    0.96    0.00    0.00    0.00   93.27
14:52:27      14    5.94    0.00    0.99    0.00    0.00    0.00    0.00    0.00    0.00   93.07
14:52:27      15    4.00    0.00    2.00    0.00    0.00    1.00    0.00    0.00    0.00   93.00

14:52:27     CPU    %usr   %nice    %sys %iowait    %irq   %soft  %steal  %guest  %gnice   %idle
14:52:28     all    6.52    0.00    1.94    0.31    0.00    0.19    0.00    0.00    0.00   91.03
14:52:28       0   18.63    0.00    1.96    0.98    0.00    0.00    0.00    0.00    0.00   78.43
14:52:28       1    8.00    0.00    0.00    0.00    0.00    0.00    0.00    0.00    0.00   92.00
14:52:28       2    1.96    0.00    1.96    0.00    0.00    0.00    0.00    0.00    0.00   96.08
14:52:28       3   25.49    0.00    1.96    0.00    0.00    0.00    0.00    0.00    0.00   72.55
14:52:28       4    5.05    0.00    2.02    1.01    0.00    0.00    0.00    0.00    0.00   91.92
14:52:28       5    2.94    0.00    1.96    0.00    0.00    0.00    0.00    0.00    0.00   95.10
14:52:28       6    5.88    0.00    1.96    0.00    0.00    0.98    0.00    0.00    0.00   91.18
14:52:28       7    2.00    0.00    1.00    0.00    0.00    0.00    0.00    0.00    0.00   97.00
14:52:28       8    7.61    0.00    2.17    0.00    0.00    0.00    0.00    0.00    0.00   90.22
14:52:28       9    4.08    0.00    3.06    1.02    0.00    0.00    0.00    0.00    0.00   91.84
14:52:28      10    4.04    0.00    3.03    0.00    0.00    0.00    0.00    0.00    0.00   92.93
14:52:28      11    1.00    0.00    1.00    0.00    0.00    1.00    0.00    0.00    0.00   97.00
14:52:28      12    1.01    0.00    0.00    0.00    0.00    0.00    0.00    0.00    0.00   98.99
14:52:28      13    1.96    0.00    1.96    0.00    0.00    0.00    0.00    0.00    0.00   96.08
14:52:28      14    5.88    0.00    1.96    0.98    0.00    0.98    0.00    0.00    0.00   90.20
14:52:28      15    8.51    0.00    5.32    1.06    0.00    0.00    0.00    0.00    0.00   85.11

14:52:28     CPU    %usr   %nice    %sys %iowait    %irq   %soft  %steal  %guest  %gnice   %idle
14:52:29     all    6.39    0.00    1.76    0.13    0.00    0.31    0.00    0.00    0.00   91.41
14:52:29       0    2.00    0.00    2.00    0.00    0.00    1.00    0.00    0.00    0.00   95.00
14:52:29       1    1.94    0.00    2.91    0.97    0.00    0.00    0.00    0.00    0.00   94.17
14:52:29       2    2.00    0.00    0.00    0.00    0.00    0.00    0.00    0.00    0.00   98.00
14:52:29       3   43.14    0.00    2.94    0.00    0.00    0.98    0.00    0.00    0.00   52.94
14:52:29       4    1.98    0.00    0.99    0.00    0.00    0.99    0.00    0.00    0.00   96.04
14:52:29       5    5.94    0.00    0.99    0.00    0.00    0.00    0.00    0.00    0.00   93.07
14:52:29       6    7.00    0.00    1.00    0.00    0.00    0.00    0.00    0.00    0.00   92.00
14:52:29       7    3.00    0.00    2.00    0.00    0.00    0.00    0.00    0.00    0.00   95.00
14:52:29       8    4.04    0.00    2.02    0.00    0.00    1.01    0.00    0.00    0.00   92.93
14:52:29       9    6.12    0.00    3.06    0.00    0.00    1.02    0.00    0.00    0.00   89.80
14:52:29      10    5.88    0.00    1.96    0.00    0.00    0.00    0.00    0.00    0.00   92.16
14:52:29      11    2.00    0.00    0.00    0.00    0.00    0.00    0.00    0.00    0.00   98.00
14:52:29      12    3.16    0.00    1.05    0.00    0.00    0.00    0.00    0.00    0.00   95.79
14:52:29      13    1.98    0.00    0.99    0.00    0.00    0.00    0.00    0.00    0.00   97.03
14:52:29      14    5.05    0.00    3.03    1.01    0.00    0.00    0.00    0.00    0.00   90.91
14:52:29      15    6.38    0.00    3.19    0.00    0.00    0.00    0.00    0.00    0.00   90.43

14:52:29     CPU    %usr   %nice    %sys %iowait    %irq   %soft  %steal  %guest  %gnice   %idle
14:52:30     all    6.50    0.00    1.58    0.19    0.00    0.06    0.00    0.00    0.00   91.67
14:52:30       0   24.00    0.00    2.00    0.00    0.00    0.00    0.00    0.00    0.00   74.00
14:52:30       1    5.10    0.00    2.04    1.02    0.00    0.00    0.00    0.00    0.00   91.84
14:52:30       2    5.00    0.00    2.00    1.00    0.00    0.00    0.00    0.00    0.00   92.00
14:52:30       3   19.80    0.00    0.99    0.00    0.00    0.00    0.00    0.00    0.00   79.21
14:52:30       4    1.98    0.00    1.98    0.00    0.00    0.00    0.00    0.00    0.00   96.04
14:52:30       5    5.05    0.00    0.00    0.00    0.00    0.00    0.00    0.00    0.00   94.95
14:52:30       6   11.11    0.00    3.03    1.01    0.00    0.00    0.00    0.00    0.00   84.85
14:52:30       7    5.26    0.00    4.21    0.00    0.00    0.00    0.00    0.00    0.00   90.53
14:52:30       8    1.01    0.00    1.01    0.00    0.00    0.00    0.00    0.00    0.00   97.98
14:52:30       9    2.00    0.00    0.00    0.00    0.00    0.00    0.00    0.00    0.00   98.00
14:52:30      10    1.01    0.00    0.00    0.00    0.00    1.01    0.00    0.00    0.00   97.98
14:52:30      11    5.15    0.00    2.06    0.00    0.00    0.00    0.00    0.00    0.00   92.78
14:52:30      12    4.12    0.00    2.06    0.00    0.00    0.00    0.00    0.00    0.00   93.81
14:52:30      13    2.00    0.00    1.00    0.00    0.00    0.00    0.00    0.00    0.00   97.00
14:52:30      14    8.16    0.00    2.04    0.00    0.00    0.00    0.00    0.00    0.00   89.80
14:52:30      15    2.94    0.00    0.98    0.00    0.00    0.00    0.00    0.00    0.00   96.08

14:52:30     CPU    %usr   %nice    %sys %iowait    %irq   %soft  %steal  %guest  %gnice   %idle
14:52:31     all    6.81    0.00    1.87    0.25    0.00    0.06    0.00    0.00    0.00   91.01
14:52:31       0    2.97    0.00    0.99    0.00    0.00    0.00    0.00    0.00    0.00   96.04
14:52:31       1    8.00    0.00    3.00    0.00    0.00    0.00    0.00    0.00    0.00   89.00
14:52:31       2    1.96    0.00    1.96    0.00    0.00    0.00    0.00    0.00    0.00   96.08
14:52:31       3   41.18    0.00    0.98    0.00    0.00    0.00    0.00    0.00    0.00   57.84
14:52:31       4    5.10    0.00    4.08    1.02    0.00    0.00    0.00    0.00    0.00   89.80
14:52:31       5    4.00    0.00    1.00    0.00    0.00    0.00    0.00    0.00    0.00   95.00
14:52:31       6   10.42    0.00    4.17    0.00    0.00    0.00    0.00    0.00    0.00   85.42
14:52:31       7    2.94    0.00    1.96    0.98    0.00    0.98    0.00    0.00    0.00   93.14
14:52:31       8    5.00    0.00    1.00    1.00    0.00    0.00    0.00    0.00    0.00   93.00
14:52:31       9    1.98    0.00    1.98    0.00    0.00    0.00    0.00    0.00    0.00   96.04
14:52:31      10    3.00    0.00    1.00    0.00    0.00    0.00    0.00    0.00    0.00   96.00
14:52:31      11    4.95    0.00    1.98    0.99    0.00    0.00    0.00    0.00    0.00   92.08
14:52:31      12    5.00    0.00    1.00    0.00    0.00    0.00    0.00    0.00    0.00   94.00
14:52:31      13    6.19    0.00    2.06    0.00    0.00    0.00    0.00    0.00    0.00   91.75
14:52:31      14    2.94    0.00    1.96    0.00    0.00    0.00    0.00    0.00    0.00   95.10
14:52:31      15    3.03    0.00    1.01    0.00    0.00    0.00    0.00    0.00    0.00   95.96

14:52:31     CPU    %usr   %nice    %sys %iowait    %irq   %soft  %steal  %guest  %gnice   %idle
14:52:32     all    9.56    0.00    2.12    0.44    0.00    0.38    0.00    0.00    0.00   87.50
14:52:32       0   29.41    0.00    0.98    0.00    0.00    0.98    0.00    0.00    0.00   68.63
14:52:32       1    7.84    0.00    1.96    0.98    0.00    0.98    0.00    0.00    0.00   88.24
14:52:32       2    5.05    0.00    1.01    0.00    0.00    0.00    0.00    0.00    0.00   93.94
14:52:32       3   13.46    0.00    2.88    0.00    0.00    0.96    0.00    0.00    0.00   82.69
14:52:32       4   19.80    0.00    2.97    0.00    0.00    0.00    0.00    0.00    0.00   77.23
14:52:32       5   19.42    0.00    2.91    0.97    0.00    0.97    0.00    0.00    0.00   75.73
14:52:32       6    8.08    0.00    3.03    0.00    0.00    1.01    0.00    0.00    0.00   87.88
14:52:32       7    5.88    0.00    1.96    0.00    0.00    0.00    0.00    0.00    0.00   92.16
14:52:32       8    3.00    0.00    2.00    1.00    0.00    0.00    0.00    0.00    0.00   94.00
14:52:32       9    8.08    0.00    2.02    1.01    0.00    0.00    0.00    0.00    0.00   88.89
14:52:32      10   12.00    0.00    1.00    0.00    0.00    0.00    0.00    0.00    0.00   87.00
14:52:32      11    4.21    0.00    3.16    0.00    0.00    0.00    0.00    0.00    0.00   92.63
14:52:32      12    0.98    0.00    1.96    0.98    0.00    0.98    0.00    0.00    0.00   95.10
14:52:32      13    9.78    0.00    2.17    1.09    0.00    0.00    0.00    0.00    0.00   86.96
14:52:32      14    3.03    0.00    2.02    1.01    0.00    0.00    0.00    0.00    0.00   93.94
14:52:32      15    1.98    0.00    1.98    0.00    0.00    0.00    0.00    0.00    0.00   96.04

14:52:32     CPU    %usr   %nice    %sys %iowait    %irq   %soft  %steal  %guest  %gnice   %idle
14:52:33     all    7.40    0.00    1.58    0.19    0.00    0.13    0.00    0.00    0.00   90.70
14:52:33       0   23.00    0.00    2.00    1.00    0.00    0.00    0.00    0.00    0.00   74.00
14:52:33       1    4.08    0.00    2.04    1.02    0.00    0.00    0.00    0.00    0.00   92.86
14:52:33       2    5.38    0.00    2.15    0.00    0.00    0.00    0.00    0.00    0.00   92.47
14:52:33       3   21.78    0.00    0.99    0.00    0.00    0.00    0.00    0.00    0.00   77.23
14:52:33       4    2.00    0.00    1.00    0.00    0.00    0.00    0.00    0.00    0.00   97.00
14:52:33       5   19.19    0.00    1.01    0.00    0.00    0.00    0.00    0.00    0.00   79.80
14:52:33       6    4.00    0.00    1.00    0.00    0.00    0.00    0.00    0.00    0.00   95.00
14:52:33       7    1.98    0.00    0.99    0.00    0.00    0.00    0.00    0.00    0.00   97.03
14:52:33       8    9.09    0.00    0.00    0.00    0.00    0.00    0.00    0.00    0.00   90.91
14:52:33       9    1.00    0.00    1.00    0.00    0.00    1.00    0.00    0.00    0.00   97.00
14:52:33      10    6.06    0.00    2.02    0.00    0.00    0.00    0.00    0.00    0.00   91.92
14:52:33      11    6.45    0.00    3.23    0.00    0.00    1.08    0.00    0.00    0.00   89.25
14:52:33      12    1.98    0.00    1.98    0.00    0.00    0.00    0.00    0.00    0.00   96.04
14:52:33      13    8.25    0.00    3.09    0.00    0.00    0.00    0.00    0.00    0.00   88.66
14:52:33      14    1.00    0.00    1.00    0.00    0.00    0.00    0.00    0.00    0.00   98.00
14:52:33      15    3.00    0.00    2.00    1.00    0.00    0.00    0.00    0.00    0.00   94.00

14:52:33     CPU    %usr   %nice    %sys %iowait    %irq   %soft  %steal  %guest  %gnice   %idle
14:52:34     all    5.82    0.00    1.39    0.13    0.00    0.06    0.00    0.00    0.00   92.60
14:52:34       0    2.04    0.00    1.02    0.00    0.00    0.00    0.00    0.00    0.00   96.94
14:52:34       1    2.94    0.00    0.98    0.00    0.00    0.98    0.00    0.00    0.00   95.10
14:52:34       2    3.30    0.00    2.20    1.10    0.00    0.00    0.00    0.00    0.00   93.41
14:52:34       3    1.98    0.00    0.99    0.00    0.00    0.00    0.00    0.00    0.00   97.03
14:52:34       4    1.02    0.00    0.00    0.00    0.00    0.00    0.00    0.00    0.00   98.98
14:52:34       5    4.00    0.00    1.00    0.00    0.00    0.00    0.00    0.00    0.00   95.00
14:52:34       6   42.57    0.00    2.97    0.00    0.00    0.00    0.00    0.00    0.00   54.46
14:52:34       7    2.04    0.00    1.02    0.00    0.00    0.00    0.00    0.00    0.00   96.94
14:52:34       8    6.19    0.00    2.06    0.00    0.00    0.00    0.00    0.00    0.00   91.75
14:52:34       9    6.00    0.00    2.00    0.00    0.00    0.00    0.00    0.00    0.00   92.00
14:52:34      10    3.96    0.00    0.99    0.00    0.00    0.00    0.00    0.00    0.00   95.05
14:52:34      11    6.19    0.00    2.06    0.00    0.00    0.00    0.00    0.00    0.00   91.75
14:52:34      12    4.00    0.00    2.00    0.00    0.00    0.00    0.00    0.00    0.00   94.00
14:52:34      13    2.00    0.00    1.00    0.00    0.00    0.00    0.00    0.00    0.00   97.00
14:52:34      14    1.02    0.00    1.02    1.02    0.00    0.00    0.00    0.00    0.00   96.94
14:52:34      15    3.03    0.00    1.01    0.00    0.00    0.00    0.00    0.00    0.00   95.96
