Linux 7.0.0-1006-aws (ip-172-31-28-187) 	06/20/26 	_x86_64_	(16 CPU)

19:33:27     CPU    %usr   %nice    %sys %iowait    %irq   %soft  %steal  %guest  %gnice   %idle
19:33:28     all   35.12    0.00    3.96    0.13    0.00    0.00    0.00    0.00    0.00   60.79
19:33:28       0   34.69    0.00    3.06    0.00    0.00    0.00    0.00    0.00    0.00   62.24
19:33:28       1   45.45    0.00   27.27    0.00    0.00    0.00    0.00    0.00    0.00   27.27
19:33:28       2   33.67    0.00    2.04    0.00    0.00    0.00    0.00    0.00    0.00   64.29
19:33:28       3   30.30    0.00    3.03    0.00    0.00    0.00    0.00    0.00    0.00   66.67
19:33:28       4   31.31    0.00    2.02    0.00    0.00    0.00    0.00    0.00    0.00   66.67
19:33:28       5   38.38    0.00    2.02    0.00    0.00    0.00    0.00    0.00    0.00   59.60
19:33:28       6   39.39    0.00    3.03    0.00    0.00    0.00    0.00    0.00    0.00   57.58
19:33:28       7   33.66    0.00    1.98    0.99    0.00    0.00    0.00    0.00    0.00   63.37
19:33:28       8   40.82    0.00    2.04    0.00    0.00    0.00    0.00    0.00    0.00   57.14
19:33:28       9   31.00    0.00    3.00    0.00    0.00    0.00    0.00    0.00    0.00   66.00
19:33:28      10   32.65    0.00    2.04    0.00    0.00    0.00    0.00    0.00    0.00   65.31
19:33:28      11   38.61    0.00    1.98    0.00    0.00    0.00    0.00    0.00    0.00   59.41
19:33:28      12   31.68    0.00    2.97    0.00    0.00    0.00    0.00    0.00    0.00   65.35
19:33:28      13   34.34    0.00    2.02    0.00    0.00    0.00    0.00    0.00    0.00   63.64
19:33:28      14   31.00    0.00    2.00    0.00    0.00    0.00    0.00    0.00    0.00   67.00
19:33:28      15   35.00    0.00    3.00    1.00    0.00    0.00    0.00    0.00    0.00   61.00

19:33:28     CPU    %usr   %nice    %sys %iowait    %irq   %soft  %steal  %guest  %gnice   %idle
19:33:29     all   12.63    0.00    1.45    0.51    0.00    0.06    0.00    0.00    0.00   85.35
19:33:29       0   14.14    0.00    2.02    1.01    0.00    0.00    0.00    0.00    0.00   82.83
19:33:29       1   12.00    0.00    2.00    1.00    0.00    0.00    0.00    0.00    0.00   85.00
19:33:29       2   13.00    0.00    1.00    0.00    0.00    0.00    0.00    0.00    0.00   86.00
19:33:29       3    8.16    0.00    1.02    1.02    0.00    0.00    0.00    0.00    0.00   89.80
19:33:29       4   14.14    0.00    1.01    1.01    0.00    0.00    0.00    0.00    0.00   83.84
19:33:29       5   14.14    0.00    1.01    2.02    0.00    0.00    0.00    0.00    0.00   82.83
19:33:29       6   24.00    0.00    1.00    0.00    0.00    1.00    0.00    0.00    0.00   74.00
19:33:29       7   10.20    0.00    1.02    0.00    0.00    0.00    0.00    0.00    0.00   88.78
19:33:29       8   16.16    0.00    3.03    0.00    0.00    0.00    0.00    0.00    0.00   80.81
19:33:29       9    7.22    0.00    2.06    0.00    0.00    0.00    0.00    0.00    0.00   90.72
19:33:29      10   11.11    0.00    2.02    1.01    0.00    0.00    0.00    0.00    0.00   85.86
19:33:29      11   17.17    0.00    2.02    0.00    0.00    0.00    0.00    0.00    0.00   80.81
19:33:29      12   13.00    0.00    1.00    1.00    0.00    0.00    0.00    0.00    0.00   85.00
19:33:29      13   11.11    0.00    1.01    0.00    0.00    0.00    0.00    0.00    0.00   87.88
19:33:29      14    8.08    0.00    1.01    0.00    0.00    0.00    0.00    0.00    0.00   90.91
19:33:29      15    8.08    0.00    1.01    0.00    0.00    0.00    0.00    0.00    0.00   90.91

19:33:29     CPU    %usr   %nice    %sys %iowait    %irq   %soft  %steal  %guest  %gnice   %idle
19:33:30     all   16.54    0.00    1.58    0.51    0.00    0.06    0.00    0.00    0.00   81.31
19:33:30       0   19.39    0.00    3.06    2.04    0.00    1.02    0.00    0.00    0.00   74.49
19:33:30       1   21.43    0.00    1.02    0.00    0.00    0.00    0.00    0.00    0.00   77.55
19:33:30       2   15.15    0.00    2.02    1.01    0.00    0.00    0.00    0.00    0.00   81.82
19:33:30       3   13.13    0.00    2.02    0.00    0.00    0.00    0.00    0.00    0.00   84.85
19:33:30       4   17.35    0.00    1.02    1.02    0.00    0.00    0.00    0.00    0.00   80.61
19:33:30       5   17.35    0.00    2.04    2.04    0.00    0.00    0.00    0.00    0.00   78.57
19:33:30       6   20.41    0.00    1.02    0.00    0.00    0.00    0.00    0.00    0.00   78.57
19:33:30       7   18.00    0.00    2.00    1.00    0.00    0.00    0.00    0.00    0.00   79.00
19:33:30       8   17.17    0.00    1.01    0.00    0.00    0.00    0.00    0.00    0.00   81.82
19:33:30       9   10.31    0.00    1.03    0.00    0.00    0.00    0.00    0.00    0.00   88.66
19:33:30      10   17.00    0.00    2.00    0.00    0.00    0.00    0.00    0.00    0.00   81.00
19:33:30      11   19.19    0.00    2.02    0.00    0.00    0.00    0.00    0.00    0.00   78.79
19:33:30      12   12.00    0.00    2.00    0.00    0.00    0.00    0.00    0.00    0.00   86.00
19:33:30      13   15.15    0.00    0.00    1.01    0.00    0.00    0.00    0.00    0.00   83.84
19:33:30      14   21.43    0.00    2.04    0.00    0.00    0.00    0.00    0.00    0.00   76.53
19:33:30      15   10.20    0.00    1.02    0.00    0.00    0.00    0.00    0.00    0.00   88.78

19:33:30     CPU    %usr   %nice    %sys %iowait    %irq   %soft  %steal  %guest  %gnice   %idle
19:33:31     all   18.44    0.00    1.45    1.13    0.00    0.25    0.00    0.00    0.00   78.73
19:33:31       0   21.21    0.00    2.02    6.06    0.00    0.00    0.00    0.00    0.00   70.71
19:33:31       1   26.00    0.00    1.00    0.00    0.00    1.00    0.00    0.00    0.00   72.00
19:33:31       2   21.00    0.00    1.00    2.00    0.00    0.00    0.00    0.00    0.00   76.00
19:33:31       3   11.22    0.00    1.02    1.02    0.00    0.00    0.00    0.00    0.00   86.73
19:33:31       4   16.00    0.00    2.00    1.00    0.00    1.00    0.00    0.00    0.00   80.00
19:33:31       5   21.00    0.00    2.00    1.00    0.00    0.00    0.00    0.00    0.00   76.00
19:33:31       6   25.00    0.00    2.00    1.00    0.00    0.00    0.00    0.00    0.00   72.00
19:33:31       7   18.00    0.00    1.00    0.00    0.00    0.00    0.00    0.00    0.00   81.00
19:33:31       8   16.16    0.00    1.01    0.00    0.00    0.00    0.00    0.00    0.00   82.83
19:33:31       9   10.00    0.00    2.00    1.00    0.00    0.00    0.00    0.00    0.00   87.00
19:33:31      10   19.00    0.00    1.00    1.00    0.00    1.00    0.00    0.00    0.00   78.00
19:33:31      11   15.15    0.00    1.01    1.01    0.00    0.00    0.00    0.00    0.00   82.83
19:33:31      12   20.41    0.00    0.00    0.00    0.00    1.02    0.00    0.00    0.00   78.57
19:33:31      13   12.12    0.00    2.02    0.00    0.00    0.00    0.00    0.00    0.00   85.86
19:33:31      14   32.32    0.00    3.03    3.03    0.00    0.00    0.00    0.00    0.00   61.62
19:33:31      15   10.20    0.00    1.02    0.00    0.00    0.00    0.00    0.00    0.00   88.78

19:33:31     CPU    %usr   %nice    %sys %iowait    %irq   %soft  %steal  %guest  %gnice   %idle
19:33:32     all   18.96    0.00    1.77    0.95    0.00    0.06    0.00    0.00    0.00   78.26
19:33:32       0   17.53    0.00    2.06    1.03    0.00    0.00    0.00    0.00    0.00   79.38
19:33:32       1   21.21    0.00    2.02    0.00    0.00    0.00    0.00    0.00    0.00   76.77
19:33:32       2   20.41    0.00    1.02    0.00    0.00    0.00    0.00    0.00    0.00   78.57
19:33:32       3   25.00    0.00    2.00    0.00    0.00    0.00    0.00    0.00    0.00   73.00
19:33:32       4   23.47    0.00    2.04    0.00    0.00    0.00    0.00    0.00    0.00   74.49
19:33:32       5   19.19    0.00    2.02    0.00    0.00    0.00    0.00    0.00    0.00   78.79
19:33:32       6   26.53    0.00    1.02    0.00    0.00    0.00    0.00    0.00    0.00   72.45
19:33:32       7   14.29    0.00    2.04    0.00    0.00    0.00    0.00    0.00    0.00   83.67
19:33:32       8   16.16    0.00    3.03    5.05    0.00    0.00    0.00    0.00    0.00   75.76
19:33:32       9   20.41    0.00    0.00    0.00    0.00    0.00    0.00    0.00    0.00   79.59
19:33:32      10   18.00    0.00    2.00    4.00    0.00    0.00    0.00    0.00    0.00   76.00
19:33:32      11   20.79    0.00    0.99    0.00    0.00    0.99    0.00    0.00    0.00   77.23
19:33:32      12   13.00    0.00    2.00    1.00    0.00    0.00    0.00    0.00    0.00   84.00
19:33:32      13   15.46    0.00    3.09    3.09    0.00    0.00    0.00    0.00    0.00   78.35
19:33:32      14   15.00    0.00    1.00    1.00    0.00    0.00    0.00    0.00    0.00   83.00
19:33:32      15   17.00    0.00    2.00    0.00    0.00    0.00    0.00    0.00    0.00   81.00

19:33:32     CPU    %usr   %nice    %sys %iowait    %irq   %soft  %steal  %guest  %gnice   %idle
19:33:33     all   15.20    0.00    1.32    0.38    0.00    0.06    0.00    0.00    0.00   83.04
19:33:33       0   13.27    0.00    0.00    0.00    0.00    0.00    0.00    0.00    0.00   86.73
19:33:33       1   20.20    0.00    1.01    0.00    0.00    0.00    0.00    0.00    0.00   78.79
19:33:33       2   12.00    0.00    2.00    1.00    0.00    0.00    0.00    0.00    0.00   85.00
19:33:33       3   10.10    0.00    1.01    0.00    0.00    1.01    0.00    0.00    0.00   87.88
19:33:33       4   21.21    0.00    1.01    1.01    0.00    0.00    0.00    0.00    0.00   76.77
19:33:33       5   10.20    0.00    1.02    1.02    0.00    0.00    0.00    0.00    0.00   87.76
19:33:33       6   11.00    0.00    2.00    0.00    0.00    0.00    0.00    0.00    0.00   87.00
19:33:33       7   11.11    0.00    1.01    0.00    0.00    0.00    0.00    0.00    0.00   87.88
19:33:33       8   15.15    0.00    1.01    0.00    0.00    0.00    0.00    0.00    0.00   83.84
19:33:33       9   15.15    0.00    2.02    0.00    0.00    0.00    0.00    0.00    0.00   82.83
19:33:33      10   27.27    0.00    2.02    0.00    0.00    0.00    0.00    0.00    0.00   70.71
19:33:33      11   16.00    0.00    2.00    0.00    0.00    0.00    0.00    0.00    0.00   82.00
19:33:33      12   12.12    0.00    1.01    0.00    0.00    0.00    0.00    0.00    0.00   86.87
19:33:33      13   22.00    0.00    1.00    1.00    0.00    0.00    0.00    0.00    0.00   76.00
19:33:33      14   14.14    0.00    1.01    0.00    0.00    0.00    0.00    0.00    0.00   84.85
19:33:33      15   12.12    0.00    2.02    2.02    0.00    0.00    0.00    0.00    0.00   83.84

19:33:33     CPU    %usr   %nice    %sys %iowait    %irq   %soft  %steal  %guest  %gnice   %idle
19:33:34     all   13.11    0.00    1.58    1.26    0.00    0.06    0.00    0.00    0.00   83.99
19:33:34       0    5.05    0.00    2.02    0.00    0.00    0.00    0.00    0.00    0.00   92.93
19:33:34       1   17.00    0.00    1.00    1.00    0.00    0.00    0.00    0.00    0.00   81.00
19:33:34       2   16.16    0.00    2.02    2.02    0.00    1.01    0.00    0.00    0.00   78.79
19:33:34       3   16.49    0.00    2.06    4.12    0.00    0.00    0.00    0.00    0.00   77.32
19:33:34       4   11.11    0.00    2.02    0.00    0.00    0.00    0.00    0.00    0.00   86.87
19:33:34       5   16.83    0.00    1.98    0.00    0.00    0.00    0.00    0.00    0.00   81.19
19:33:34       6   10.10    0.00    2.02    0.00    0.00    0.00    0.00    0.00    0.00   87.88
19:33:34       7   15.00    0.00    1.00    1.00    0.00    0.00    0.00    0.00    0.00   83.00
19:33:34       8   19.00    0.00    2.00    0.00    0.00    0.00    0.00    0.00    0.00   79.00
19:33:34       9   12.12    0.00    1.01    0.00    0.00    0.00    0.00    0.00    0.00   86.87
19:33:34      10    7.07    0.00    1.01    0.00    0.00    0.00    0.00    0.00    0.00   91.92
19:33:34      11    6.06    0.00    0.00    1.01    0.00    0.00    0.00    0.00    0.00   92.93
19:33:34      12   18.37    0.00    1.02    2.04    0.00    0.00    0.00    0.00    0.00   78.57
19:33:34      13    6.12    0.00    1.02    0.00    0.00    0.00    0.00    0.00    0.00   92.86
19:33:34      14   10.89    0.00    1.98    0.00    0.00    0.00    0.00    0.00    0.00   87.13
19:33:34      15   22.22    0.00    3.03    9.09    0.00    0.00    0.00    0.00    0.00   65.66

19:33:34     CPU    %usr   %nice    %sys %iowait    %irq   %soft  %steal  %guest  %gnice   %idle
19:33:35     all   14.04    0.00    1.57    1.83    0.00    0.00    0.00    0.00    0.00   82.56
19:33:35       0   13.00    0.00    1.00    2.00    0.00    0.00    0.00    0.00    0.00   84.00
19:33:35       1   15.15    0.00    1.01    0.00    0.00    0.00    0.00    0.00    0.00   83.84
19:33:35       2   19.19    0.00    1.01    0.00    0.00    0.00    0.00    0.00    0.00   79.80
19:33:35       3   20.20    0.00    2.02    0.00    0.00    0.00    0.00    0.00    0.00   77.78
19:33:35       4    6.93    0.00    0.99    0.99    0.00    0.00    0.00    0.00    0.00   91.09
19:33:35       5    9.09    0.00    1.01    0.00    0.00    0.00    0.00    0.00    0.00   89.90
19:33:35       6   17.17    0.00    1.01    1.01    0.00    0.00    0.00    0.00    0.00   80.81
19:33:35       7   14.14    0.00    1.01    0.00    0.00    0.00    0.00    0.00    0.00   84.85
19:33:35       8   23.23    0.00    1.01    0.00    0.00    0.00    0.00    0.00    0.00   75.76
19:33:35       9    7.00    0.00    4.00    5.00    0.00    0.00    0.00    0.00    0.00   84.00
19:33:35      10    3.03    0.00    1.01    1.01    0.00    0.00    0.00    0.00    0.00   94.95
19:33:35      11   22.00    0.00    2.00    0.00    0.00    0.00    0.00    0.00    0.00   76.00
19:33:35      12   25.00    0.00    1.00    1.00    0.00    0.00    0.00    0.00    0.00   73.00
19:33:35      13    7.00    0.00    2.00    3.00    0.00    0.00    0.00    0.00    0.00   88.00
19:33:35      14   11.46    0.00    1.04    3.12    0.00    0.00    0.00    0.00    0.00   84.38
19:33:35      15   11.11    0.00    4.04   12.12    0.00    0.00    0.00    0.00    0.00   72.73

19:33:35     CPU    %usr   %nice    %sys %iowait    %irq   %soft  %steal  %guest  %gnice   %idle
19:33:36     all    9.46    0.00    1.32    1.96    0.00    0.13    0.00    0.00    0.00   87.13
19:33:36       0    7.14    0.00    0.00    0.00    0.00    0.00    0.00    0.00    0.00   92.86
19:33:36       1    8.91    0.00    0.99    0.99    0.00    0.00    0.00    0.00    0.00   89.11
19:33:36       2   14.14    0.00    1.01    1.01    0.00    0.00    0.00    0.00    0.00   83.84
19:33:36       3    6.06    0.00    0.00    1.01    0.00    0.00    0.00    0.00    0.00   92.93
19:33:36       4    3.03    0.00    1.01    0.00    0.00    0.00    0.00    0.00    0.00   95.96
19:33:36       5   13.86    0.00    1.98    0.99    0.00    0.99    0.00    0.00    0.00   82.18
19:33:36       6    9.18    0.00    1.02    0.00    0.00    0.00    0.00    0.00    0.00   89.80
19:33:36       7   13.00    0.00    0.00    1.00    0.00    0.00    0.00    0.00    0.00   86.00
19:33:36       8   19.19    0.00    1.01    1.01    0.00    0.00    0.00    0.00    0.00   78.79
19:33:36       9    6.19    0.00    3.09    5.15    0.00    0.00    0.00    0.00    0.00   85.57
19:33:36      10    9.28    0.00    2.06    2.06    0.00    0.00    0.00    0.00    0.00   86.60
19:33:36      11   11.11    0.00    1.01    0.00    0.00    0.00    0.00    0.00    0.00   87.88
19:33:36      12   18.00    0.00    1.00    0.00    0.00    0.00    0.00    0.00    0.00   81.00
19:33:36      13    2.02    0.00    2.02    0.00    0.00    0.00    0.00    0.00    0.00   95.96
19:33:36      14    3.03    0.00    2.02    5.05    0.00    0.00    0.00    0.00    0.00   89.90
19:33:36      15    7.00    0.00    3.00   13.00    0.00    1.00    0.00    0.00    0.00   76.00

19:33:36     CPU    %usr   %nice    %sys %iowait    %irq   %soft  %steal  %guest  %gnice   %idle
19:33:37     all   15.95    0.00    1.01    0.38    0.00    0.13    0.00    0.00    0.00   82.53
19:33:37       0   12.12    0.00    1.01    1.01    0.00    0.00    0.00    0.00    0.00   85.86
19:33:37       1   11.22    0.00    1.02    0.00    0.00    0.00    0.00    0.00    0.00   87.76
19:33:37       2    5.00    0.00    1.00    1.00    0.00    0.00    0.00    0.00    0.00   93.00
19:33:37       3   12.00    0.00    2.00    0.00    0.00    0.00    0.00    0.00    0.00   86.00
19:33:37       4   11.11    0.00    1.01    1.01    0.00    1.01    0.00    0.00    0.00   85.86
19:33:37       5    4.04    0.00    1.01    0.00    0.00    0.00    0.00    0.00    0.00   94.95
19:33:37       6   13.00    0.00    1.00    0.00    0.00    0.00    0.00    0.00    0.00   86.00
19:33:37       7   19.39    0.00    1.02    0.00    0.00    0.00    0.00    0.00    0.00   79.59
19:33:37       8   17.00    0.00    2.00    0.00    0.00    0.00    0.00    0.00    0.00   81.00
19:33:37       9   23.23    0.00    0.00    1.01    0.00    0.00    0.00    0.00    0.00   75.76
19:33:37      10   13.00    0.00    1.00    1.00    0.00    0.00    0.00    0.00    0.00   85.00
19:33:37      11    8.00    0.00    1.00    1.00    0.00    0.00    0.00    0.00    0.00   90.00
19:33:37      12   50.00    0.00    1.02    0.00    0.00    0.00    0.00    0.00    0.00   48.98
19:33:37      13   15.15    0.00    1.01    0.00    0.00    0.00    0.00    0.00    0.00   83.84
19:33:37      14   14.29    0.00    0.00    0.00    0.00    1.02    0.00    0.00    0.00   84.69
19:33:37      15   27.27    0.00    1.01    0.00    0.00    0.00    0.00    0.00    0.00   71.72

19:33:37     CPU    %usr   %nice    %sys %iowait    %irq   %soft  %steal  %guest  %gnice   %idle
19:33:38     all    7.41    0.00    1.51    2.07    0.00    0.06    0.00    0.00    0.00   88.94
19:33:38       0    8.00    0.00    2.00    0.00    0.00    0.00    0.00    0.00    0.00   90.00
19:33:38       1    5.10    0.00    5.10    9.18    0.00    0.00    0.00    0.00    0.00   80.61
19:33:38       2    5.21    0.00    4.17   18.75    0.00    0.00    0.00    0.00    0.00   71.88
19:33:38       3   12.12    0.00    0.00    0.00    0.00    0.00    0.00    0.00    0.00   87.88
19:33:38       4   16.16    0.00    1.01    3.03    0.00    0.00    0.00    0.00    0.00   79.80
19:33:38       5   11.00    0.00    1.00    3.00    0.00    0.00    0.00    0.00    0.00   85.00
19:33:38       6    5.05    0.00    1.01    0.00    0.00    0.00    0.00    0.00    0.00   93.94
19:33:38       7    5.00    0.00    1.00    0.00    0.00    0.00    0.00    0.00    0.00   94.00
19:33:38       8    5.94    0.00    0.99    0.00    0.00    0.00    0.00    0.00    0.00   93.07
19:33:38       9    4.04    0.00    1.01    0.00    0.00    0.00    0.00    0.00    0.00   94.95
19:33:38      10    2.00    0.00    2.00    0.00    0.00    0.00    0.00    0.00    0.00   96.00
19:33:38      11   20.00    0.00    1.00    0.00    0.00    0.00    0.00    0.00    0.00   79.00
19:33:38      12    5.94    0.00    0.99    0.00    0.00    0.00    0.00    0.00    0.00   93.07
19:33:38      13    1.00    0.00    1.00    0.00    0.00    1.00    0.00    0.00    0.00   97.00
19:33:38      14    4.00    0.00    1.00    0.00    0.00    0.00    0.00    0.00    0.00   95.00
19:33:38      15    8.00    0.00    1.00    0.00    0.00    0.00    0.00    0.00    0.00   91.00

19:33:38     CPU    %usr   %nice    %sys %iowait    %irq   %soft  %steal  %guest  %gnice   %idle
19:33:39     all    5.67    0.00    1.45    2.14    0.00    0.00    0.00    0.00    0.00   90.74
19:33:39       0    3.03    0.00    1.01    0.00    0.00    0.00    0.00    0.00    0.00   95.96
19:33:39       1    4.00    0.00    1.00    0.00    0.00    0.00    0.00    0.00    0.00   95.00
19:33:39       2    8.16    0.00    5.10    9.18    0.00    0.00    0.00    0.00    0.00   77.55
19:33:39       3   14.14    0.00    4.04   11.11    0.00    0.00    0.00    0.00    0.00   70.71
19:33:39       4   13.13    0.00    1.01    0.00    0.00    0.00    0.00    0.00    0.00   85.86
19:33:39       5    2.06    0.00    3.09   11.34    0.00    0.00    0.00    0.00    0.00   83.51
19:33:39       6    3.00    0.00    1.00    1.00    0.00    0.00    0.00    0.00    0.00   95.00
19:33:39       7    1.98    0.00    1.98    0.99    0.00    0.00    0.00    0.00    0.00   95.05
19:33:39       8    8.08    0.00    0.00    1.01    0.00    0.00    0.00    0.00    0.00   90.91
19:33:39       9    2.00    0.00    1.00    0.00    0.00    0.00    0.00    0.00    0.00   97.00
19:33:39      10    6.00    0.00    0.00    0.00    0.00    0.00    0.00    0.00    0.00   94.00
19:33:39      11   12.24    0.00    1.02    0.00    0.00    0.00    0.00    0.00    0.00   86.73
19:33:39      12    4.08    0.00    0.00    0.00    0.00    0.00    0.00    0.00    0.00   95.92
19:33:39      13    2.00    0.00    1.00    0.00    0.00    0.00    0.00    0.00    0.00   97.00
19:33:39      14    5.00    0.00    1.00    0.00    0.00    0.00    0.00    0.00    0.00   94.00
19:33:39      15    2.02    0.00    1.01    0.00    0.00    0.00    0.00    0.00    0.00   96.97

19:33:39     CPU    %usr   %nice    %sys %iowait    %irq   %soft  %steal  %guest  %gnice   %idle
19:33:40     all    7.55    0.00    1.19    2.39    0.00    0.00    0.00    0.00    0.00   88.87
19:33:40       0    1.02    0.00    0.00    0.00    0.00    0.00    0.00    0.00    0.00   98.98
19:33:40       1   11.11    0.00    1.01    0.00    0.00    0.00    0.00    0.00    0.00   87.88
19:33:40       2    8.08    0.00    0.00    0.00    0.00    0.00    0.00    0.00    0.00   91.92
19:33:40       3   16.16    0.00    2.02   11.11    0.00    0.00    0.00    0.00    0.00   70.71
19:33:40       4    6.00    0.00    1.00    0.00    0.00    0.00    0.00    0.00    0.00   93.00
19:33:40       5    5.00    0.00    1.00    1.00    0.00    0.00    0.00    0.00    0.00   93.00
19:33:40       6    9.28    0.00    3.09    7.22    0.00    0.00    0.00    0.00    0.00   80.41
19:33:40       7    8.25    0.00    2.06    4.12    0.00    0.00    0.00    0.00    0.00   85.57
19:33:40       8    8.91    0.00    0.99    0.00    0.00    0.00    0.00    0.00    0.00   90.10
19:33:40       9    1.01    0.00    0.00    0.00    0.00    0.00    0.00    0.00    0.00   98.99
19:33:40      10   13.13    0.00    0.00    0.00    0.00    0.00    0.00    0.00    0.00   86.87
19:33:40      11    1.96    0.00    0.98    0.98    0.00    0.00    0.00    0.00    0.00   96.08
19:33:40      12    9.90    0.00    0.99    0.00    0.00    0.00    0.00    0.00    0.00   89.11
19:33:40      13    5.00    0.00    1.00    1.00    0.00    0.00    0.00    0.00    0.00   93.00
19:33:40      14    3.03    0.00    4.04   13.13    0.00    0.00    0.00    0.00    0.00   79.80
19:33:40      15   13.00    0.00    1.00    0.00    0.00    0.00    0.00    0.00    0.00   86.00

19:33:40     CPU    %usr   %nice    %sys %iowait    %irq   %soft  %steal  %guest  %gnice   %idle
19:33:41     all   12.38    0.00    1.26    0.50    0.00    0.25    0.00    0.00    0.00   85.61
19:33:41       0   29.29    0.00    1.01    0.00    0.00    0.00    0.00    0.00    0.00   69.70
19:33:41       1    6.00    0.00    1.00    1.00    0.00    1.00    0.00    0.00    0.00   91.00
19:33:41       2   22.22    0.00    1.01    0.00    0.00    0.00    0.00    0.00    0.00   76.77
19:33:41       3   15.00    0.00    2.00    1.00    0.00    0.00    0.00    0.00    0.00   82.00
19:33:41       4    7.00    0.00    1.00    1.00    0.00    0.00    0.00    0.00    0.00   91.00
19:33:41       5    9.00    0.00    1.00    0.00    0.00    0.00    0.00    0.00    0.00   90.00
19:33:41       6   17.82    0.00    0.99    0.99    0.00    0.99    0.00    0.00    0.00   79.21
19:33:41       7   14.29    0.00    1.02    1.02    0.00    0.00    0.00    0.00    0.00   83.67
19:33:41       8    5.94    0.00    1.98    0.00    0.00    0.99    0.00    0.00    0.00   91.09
19:33:41       9   14.14    0.00    2.02    0.00    0.00    1.01    0.00    0.00    0.00   82.83
19:33:41      10    5.00    0.00    2.00    0.00    0.00    0.00    0.00    0.00    0.00   93.00
19:33:41      11    2.06    0.00    1.03    0.00    0.00    0.00    0.00    0.00    0.00   96.91
19:33:41      12   16.83    0.00    1.98    0.99    0.00    0.00    0.00    0.00    0.00   80.20
19:33:41      13   12.12    0.00    1.01    0.00    0.00    0.00    0.00    0.00    0.00   86.87
19:33:41      14    5.10    0.00    1.02    2.04    0.00    0.00    0.00    0.00    0.00   91.84
19:33:41      15   16.16    0.00    0.00    0.00    0.00    0.00    0.00    0.00    0.00   83.84

19:33:41     CPU    %usr   %nice    %sys %iowait    %irq   %soft  %steal  %guest  %gnice   %idle
19:33:42     all    9.76    0.00    1.89    2.77    0.00    0.06    0.00    0.00    0.00   85.52
19:33:42       0   12.12    0.00    1.01    0.00    0.00    0.00    0.00    0.00    0.00   86.87
19:33:42       1   12.00    0.00    1.00    0.00    0.00    0.00    0.00    0.00    0.00   87.00
19:33:42       2    3.00    0.00    1.00    1.00    0.00    0.00    0.00    0.00    0.00   95.00
19:33:42       3    7.07    0.00    5.05    7.07    0.00    0.00    0.00    0.00    0.00   80.81
19:33:42       4   17.17    0.00    5.05    4.04    0.00    0.00    0.00    0.00    0.00   73.74
19:33:42       5   16.00    0.00    1.00    0.00    0.00    0.00    0.00    0.00    0.00   83.00
19:33:42       6    6.19    0.00    4.12   14.43    0.00    0.00    0.00    0.00    0.00   75.26
19:33:42       7    3.96    0.00    1.98    0.99    0.00    0.00    0.00    0.00    0.00   93.07
19:33:42       8   12.12    0.00    0.00    1.01    0.00    0.00    0.00    0.00    0.00   86.87
19:33:42       9    7.00    0.00    0.00    1.00    0.00    0.00    0.00    0.00    0.00   92.00
19:33:42      10   15.15    0.00    1.01    0.00    0.00    0.00    0.00    0.00    0.00   83.84
19:33:42      11    7.07    0.00    1.01    0.00    0.00    0.00    0.00    0.00    0.00   91.92
19:33:42      12    3.06    0.00    3.06   12.24    0.00    1.02    0.00    0.00    0.00   80.61
19:33:42      13    7.07    0.00    1.01    0.00    0.00    0.00    0.00    0.00    0.00   91.92
19:33:42      14   15.00    0.00    3.00    2.00    0.00    0.00    0.00    0.00    0.00   80.00
19:33:42      15   12.12    0.00    1.01    1.01    0.00    0.00    0.00    0.00    0.00   85.86

19:33:42     CPU    %usr   %nice    %sys %iowait    %irq   %soft  %steal  %guest  %gnice   %idle
19:33:43     all    3.72    0.00    1.39    2.83    0.00    0.06    0.00    0.00    0.00   92.00
19:33:43       0    3.00    0.00    1.00    0.00    0.00    0.00    0.00    0.00    0.00   96.00
19:33:43       1    3.06    0.00    7.14   13.27    0.00    0.00    0.00    0.00    0.00   76.53
19:33:43       2    1.00    0.00    1.00    0.00    0.00    0.00    0.00    0.00    0.00   98.00
19:33:43       3    1.01    0.00    0.00    0.00    0.00    0.00    0.00    0.00    0.00   98.99
19:33:43       4    9.00    0.00    1.00    3.00    0.00    0.00    0.00    0.00    0.00   87.00
19:33:43       5    5.00    0.00    1.00    0.00    0.00    0.00    0.00    0.00    0.00   94.00
19:33:43       6    1.02    0.00    0.00    0.00    0.00    0.00    0.00    0.00    0.00   98.98
19:33:43       7    4.08    0.00    0.00    0.00    0.00    0.00    0.00    0.00    0.00   95.92
19:33:43       8    1.00    0.00    1.00    0.00    0.00    0.00    0.00    0.00    0.00   98.00
19:33:43       9    2.00    0.00    1.00    0.00    0.00    0.00    0.00    0.00    0.00   97.00
19:33:43      10    1.00    0.00    4.00   13.00    0.00    0.00    0.00    0.00    0.00   82.00
19:33:43      11    6.00    0.00    0.00    0.00    0.00    1.00    0.00    0.00    0.00   93.00
19:33:43      12    2.04    0.00    3.06   16.33    0.00    0.00    0.00    0.00    0.00   78.57
19:33:43      13    6.06    0.00    0.00    0.00    0.00    0.00    0.00    0.00    0.00   93.94
19:33:43      14    8.00    0.00    1.00    0.00    0.00    0.00    0.00    0.00    0.00   91.00
19:33:43      15    6.12    0.00    1.02    0.00    0.00    0.00    0.00    0.00    0.00   92.86

19:33:43     CPU    %usr   %nice    %sys %iowait    %irq   %soft  %steal  %guest  %gnice   %idle
19:33:44     all   13.92    0.00    1.45    1.76    0.00    0.00    0.00    0.00    0.00   82.87
19:33:44       0   13.27    0.00    1.02    0.00    0.00    0.00    0.00    0.00    0.00   85.71
19:33:44       1   13.13    0.00    2.02    0.00    0.00    0.00    0.00    0.00    0.00   84.85
19:33:44       2    5.05    0.00    1.01    0.00    0.00    0.00    0.00    0.00    0.00   93.94
19:33:44       3   12.12    0.00    1.01    4.04    0.00    0.00    0.00    0.00    0.00   82.83
19:33:44       4   23.23    0.00    5.05   12.12    0.00    0.00    0.00    0.00    0.00   59.60
19:33:44       5   26.26    0.00    1.01    0.00    0.00    0.00    0.00    0.00    0.00   72.73
19:33:44       6    9.90    0.00    1.98    0.99    0.00    0.00    0.00    0.00    0.00   87.13
19:33:44       7   12.00    0.00    1.00    1.00    0.00    0.00    0.00    0.00    0.00   86.00
19:33:44       8   11.22    0.00    2.04    3.06    0.00    0.00    0.00    0.00    0.00   83.67
19:33:44       9   23.71    0.00    1.03    3.09    0.00    0.00    0.00    0.00    0.00   72.16
19:33:44      10   16.00    0.00    0.00    0.00    0.00    0.00    0.00    0.00    0.00   84.00
19:33:44      11   20.79    0.00    1.98    0.00    0.00    0.00    0.00    0.00    0.00   77.23
19:33:44      12   11.22    0.00    0.00    0.00    0.00    0.00    0.00    0.00    0.00   88.78
19:33:44      13   11.00    0.00    1.00    1.00    0.00    0.00    0.00    0.00    0.00   87.00
19:33:44      14    9.09    0.00    2.02    3.03    0.00    0.00    0.00    0.00    0.00   85.86
19:33:44      15    4.95    0.00    0.99    0.00    0.00    0.00    0.00    0.00    0.00   94.06

19:33:44     CPU    %usr   %nice    %sys %iowait    %irq   %soft  %steal  %guest  %gnice   %idle
19:33:45     all   11.63    0.00    1.95    1.70    0.00    0.19    0.00    0.00    0.00   84.54
19:33:45       0   10.00    0.00    2.00    1.00    0.00    0.00    0.00    0.00    0.00   87.00
19:33:45       1   16.00    0.00    1.00    1.00    0.00    0.00    0.00    0.00    0.00   82.00
19:33:45       2   11.88    0.00    0.99    0.99    0.00    0.99    0.00    0.00    0.00   85.15
19:33:45       3   11.00    0.00    2.00    1.00    0.00    1.00    0.00    0.00    0.00   85.00
19:33:45       4    7.07    0.00    1.01    1.01    0.00    0.00    0.00    0.00    0.00   90.91
19:33:45       5    9.09    0.00    1.01    0.00    0.00    0.00    0.00    0.00    0.00   89.90
19:33:45       6    3.03    0.00    2.02    0.00    0.00    0.00    0.00    0.00    0.00   94.95
19:33:45       7   10.00    0.00    1.00    0.00    0.00    1.00    0.00    0.00    0.00   88.00
19:33:45       8   28.28    0.00    2.02    2.02    0.00    0.00    0.00    0.00    0.00   67.68
19:33:45       9   16.00    0.00    3.00    2.00    0.00    0.00    0.00    0.00    0.00   79.00
19:33:45      10    4.04    0.00    3.03    2.02    0.00    0.00    0.00    0.00    0.00   90.91
19:33:45      11   16.33    0.00    3.06   11.22    0.00    0.00    0.00    0.00    0.00   69.39
19:33:45      12   16.00    0.00    4.00    4.00    0.00    0.00    0.00    0.00    0.00   76.00
19:33:45      13    6.06    0.00    2.02    0.00    0.00    0.00    0.00    0.00    0.00   91.92
19:33:45      14    9.09    0.00    1.01    1.01    0.00    0.00    0.00    0.00    0.00   88.89
19:33:45      15   12.12    0.00    2.02    0.00    0.00    0.00    0.00    0.00    0.00   85.86

19:33:45     CPU    %usr   %nice    %sys %iowait    %irq   %soft  %steal  %guest  %gnice   %idle
19:33:46     all    5.36    0.00    1.39    3.22    0.00    0.06    0.00    0.00    0.00   89.97
19:33:46       0    3.09    0.00    2.06    6.19    0.00    0.00    0.00    0.00    0.00   88.66
19:33:46       1    2.04    0.00    0.00    0.00    0.00    0.00    0.00    0.00    0.00   97.96
19:33:46       2    5.00    0.00    1.00    0.00    0.00    0.00    0.00    0.00    0.00   94.00
19:33:46       3    5.88    0.00    1.96    0.00    0.00    0.00    0.00    0.00    0.00   92.16
19:33:46       4    7.00    0.00    1.00    0.00    0.00    0.00    0.00    0.00    0.00   92.00
19:33:46       5    3.00    0.00    1.00    0.00    0.00    0.00    0.00    0.00    0.00   96.00
19:33:46       6    7.07    0.00    0.00    0.00    0.00    0.00    0.00    0.00    0.00   92.93
19:33:46       7    9.00    0.00    1.00    2.00    0.00    0.00    0.00    0.00    0.00   88.00
19:33:46       8    8.16    0.00    0.00    0.00    0.00    0.00    0.00    0.00    0.00   91.84
19:33:46       9    3.00    0.00    0.00    1.00    0.00    0.00    0.00    0.00    0.00   96.00
19:33:46      10    2.97    0.00    0.99    0.00    0.00    0.99    0.00    0.00    0.00   95.05
19:33:46      11    5.21    0.00    7.29   15.62    0.00    0.00    0.00    0.00    0.00   71.88
19:33:46      12    9.09    0.00    1.01    3.03    0.00    0.00    0.00    0.00    0.00   86.87
19:33:46      13    5.05    0.00    1.01    5.05    0.00    0.00    0.00    0.00    0.00   88.89
19:33:46      14    5.15    0.00    4.12   19.59    0.00    0.00    0.00    0.00    0.00   71.13
19:33:46      15    5.05    0.00    0.00    0.00    0.00    0.00    0.00    0.00    0.00   94.95

19:33:46     CPU    %usr   %nice    %sys %iowait    %irq   %soft  %steal  %guest  %gnice   %idle
19:33:47     all   22.62    0.00    1.33    1.08    0.00    0.06    0.00    0.00    0.00   74.90
19:33:47       0   24.00    0.00    1.00    1.00    0.00    1.00    0.00    0.00    0.00   73.00
19:33:47       1   36.36    0.00    1.01    0.00    0.00    0.00    0.00    0.00    0.00   62.63
19:33:47       2   16.33    0.00    2.04    1.02    0.00    0.00    0.00    0.00    0.00   80.61
19:33:47       3   18.37    0.00    1.02    1.02    0.00    0.00    0.00    0.00    0.00   79.59
19:33:47       4   39.00    0.00    2.00    0.00    0.00    0.00    0.00    0.00    0.00   59.00
19:33:47       5   21.21    0.00    1.01    1.01    0.00    0.00    0.00    0.00    0.00   76.77
19:33:47       6   23.23    0.00    1.01    1.01    0.00    0.00    0.00    0.00    0.00   74.75
19:33:47       7   20.41    0.00    2.04    3.06    0.00    0.00    0.00    0.00    0.00   74.49
19:33:47       8   13.13    0.00    1.01    1.01    0.00    0.00    0.00    0.00    0.00   84.85
19:33:47       9   24.74    0.00    1.03    5.15    0.00    0.00    0.00    0.00    0.00   69.07
19:33:47      10   20.41    0.00    1.02    1.02    0.00    0.00    0.00    0.00    0.00   77.55
19:33:47      11   12.24    0.00    1.02    0.00    0.00    0.00    0.00    0.00    0.00   86.73
19:33:47      12   22.45    0.00    2.04    0.00    0.00    0.00    0.00    0.00    0.00   75.51
19:33:47      13   16.16    0.00    2.02    1.01    0.00    0.00    0.00    0.00    0.00   80.81
19:33:47      14   25.51    0.00    1.02    0.00    0.00    0.00    0.00    0.00    0.00   73.47
19:33:47      15   28.00    0.00    1.00    1.00    0.00    0.00    0.00    0.00    0.00   70.00

19:33:47     CPU    %usr   %nice    %sys %iowait    %irq   %soft  %steal  %guest  %gnice   %idle
19:33:48     all    0.94    0.00    1.19    2.83    0.00    0.06    0.00    0.00    0.00   94.97
19:33:48       0    0.00    0.00    0.00    0.00    0.00    0.00    0.00    0.00    0.00  100.00
19:33:48       1    0.00    0.00    1.00    0.00    0.00    0.00    0.00    0.00    0.00   99.00
19:33:48       2    5.05    0.00    2.02    7.07    0.00    0.00    0.00    0.00    0.00   85.86
19:33:48       3    0.00    0.00    1.00    0.00    0.00    0.00    0.00    0.00    0.00   99.00
19:33:48       4    0.00    0.00    0.00    0.00    0.00    0.00    0.00    0.00    0.00  100.00
19:33:48       5    0.00    0.00    0.00    0.00    0.00    1.00    0.00    0.00    0.00   99.00
19:33:48       6    0.00    0.00    1.01    0.00    0.00    0.00    0.00    0.00    0.00   98.99
19:33:48       7    2.08    0.00    5.21   14.58    0.00    0.00    0.00    0.00    0.00   78.12
19:33:48       8    0.99    0.00    0.99    0.99    0.00    0.00    0.00    0.00    0.00   97.03
19:33:48       9    0.00    0.00    4.12   22.68    0.00    0.00    0.00    0.00    0.00   73.20
19:33:48      10    3.96    0.00    0.99    0.00    0.00    0.00    0.00    0.00    0.00   95.05
19:33:48      11    0.00    0.00    1.00    1.00    0.00    0.00    0.00    0.00    0.00   98.00
19:33:48      12    1.00    0.00    0.00    0.00    0.00    0.00    0.00    0.00    0.00   99.00
19:33:48      13    0.00    0.00    1.00    0.00    0.00    0.00    0.00    0.00    0.00   99.00
19:33:48      14    1.00    0.00    1.00    0.00    0.00    0.00    0.00    0.00    0.00   98.00
19:33:48      15    1.01    0.00    0.00    0.00    0.00    0.00    0.00    0.00    0.00   98.99

19:33:48     CPU    %usr   %nice    %sys %iowait    %irq   %soft  %steal  %guest  %gnice   %idle
19:33:49     all    1.00    0.00    0.31    0.00    0.00    0.06    0.00    0.00    0.00   98.63
19:33:49       0    0.99    0.00    0.99    0.00    0.00    0.00    0.00    0.00    0.00   98.02
19:33:49       1    1.00    0.00    0.00    0.00    0.00    0.00    0.00    0.00    0.00   99.00
19:33:49       2    7.92    0.00    0.99    0.00    0.00    0.00    0.00    0.00    0.00   91.09
19:33:49       3    1.00    0.00    0.00    0.00    0.00    0.00    0.00    0.00    0.00   99.00
19:33:49       4    0.00    0.00    0.99    0.00    0.00    0.00    0.00    0.00    0.00   99.01
19:33:49       5    0.98    0.00    0.98    0.00    0.00    0.00    0.00    0.00    0.00   98.04
19:33:49       6    1.96    0.00    0.98    0.00    0.00    0.00    0.00    0.00    0.00   97.06
19:33:49       7    0.00    0.00    0.00    0.00    0.00    0.00    0.00    0.00    0.00  100.00
19:33:49       8    0.00    0.00    0.00    0.00    0.00    0.00    0.00    0.00    0.00  100.00
19:33:49       9    0.00    0.00    0.00    0.00    0.00    0.00    0.00    0.00    0.00  100.00
19:33:49      10    0.00    0.00    0.00    0.00    0.00    0.00    0.00    0.00    0.00  100.00
19:33:49      11    0.00    0.00    0.00    0.00    0.00    0.00    0.00    0.00    0.00  100.00
19:33:49      12    0.00    0.00    0.00    0.00    0.00    0.00    0.00    0.00    0.00  100.00
19:33:49      13    0.99    0.00    0.00    0.00    0.00    0.99    0.00    0.00    0.00   98.02
19:33:49      14    1.00    0.00    0.00    0.00    0.00    0.00    0.00    0.00    0.00   99.00
19:33:49      15    0.00    0.00    0.00    0.00    0.00    0.00    0.00    0.00    0.00  100.00

19:33:49     CPU    %usr   %nice    %sys %iowait    %irq   %soft  %steal  %guest  %gnice   %idle
19:33:50     all    1.25    0.00    0.63    0.00    0.00    0.06    0.00    0.00    0.00   98.06
19:33:50       0    0.00    0.00    0.00    0.00    0.00    0.00    0.00    0.00    0.00  100.00
19:33:50       1    0.00    0.00    1.01    0.00    0.00    0.00    0.00    0.00    0.00   98.99
19:33:50       2   15.15    0.00    1.01    0.00    0.00    0.00    0.00    0.00    0.00   83.84
19:33:50       3    0.99    0.00    1.98    0.00    0.00    0.00    0.00    0.00    0.00   97.03
19:33:50       4    0.00    0.00    0.00    0.00    0.00    0.99    0.00    0.00    0.00   99.01
19:33:50       5    1.01    0.00    0.00    0.00    0.00    0.00    0.00    0.00    0.00   98.99
19:33:50       6    1.01    0.00    0.00    0.00    0.00    0.00    0.00    0.00    0.00   98.99
19:33:50       7    0.00    0.00    0.99    0.00    0.00    0.00    0.00    0.00    0.00   99.01
19:33:50       8    0.00    0.00    1.00    0.00    0.00    0.00    0.00    0.00    0.00   99.00
19:33:50       9    0.00    0.00    0.00    0.00    0.00    0.00    0.00    0.00    0.00  100.00
19:33:50      10    0.99    0.00    0.99    0.00    0.00    0.00    0.00    0.00    0.00   98.02
19:33:50      11    0.00    0.00    0.00    0.00    0.00    0.00    0.00    0.00    0.00  100.00
19:33:50      12    0.00    0.00    1.00    0.00    0.00    0.00    0.00    0.00    0.00   99.00
19:33:50      13    1.00    0.00    1.00    0.00    0.00    0.00    0.00    0.00    0.00   98.00
19:33:50      14    0.00    0.00    1.00    0.00    0.00    0.00    0.00    0.00    0.00   99.00
19:33:50      15    0.00    0.00    0.00    0.00    0.00    0.00    0.00    0.00    0.00  100.00

19:33:50     CPU    %usr   %nice    %sys %iowait    %irq   %soft  %steal  %guest  %gnice   %idle
19:33:51     all    0.94    0.00    0.31    0.00    0.00    0.06    0.00    0.00    0.00   98.69
19:33:51       0    1.00    0.00    0.00    0.00    0.00    0.00    0.00    0.00    0.00   99.00
19:33:51       1    0.00    0.00    0.00    0.00    0.00    0.00    0.00    0.00    0.00  100.00
19:33:51       2    8.00    0.00    1.00    0.00    0.00    0.00    0.00    0.00    0.00   91.00
19:33:51       3    0.99    0.00    0.00    0.00    0.00    0.99    0.00    0.00    0.00   98.02
19:33:51       4    0.00    0.00    0.00    0.00    0.00    0.00    0.00    0.00    0.00  100.00
19:33:51       5    1.98    0.00    0.00    0.00    0.00    0.00    0.00    0.00    0.00   98.02
19:33:51       6    0.99    0.00    0.99    0.00    0.00    0.00    0.00    0.00    0.00   98.02
19:33:51       7    0.00    0.00    0.00    0.00    0.00    0.00    0.00    0.00    0.00  100.00
19:33:51       8    1.00    0.00    0.00    0.00    0.00    0.00    0.00    0.00    0.00   99.00
19:33:51       9    0.00    0.00    1.00    0.00    0.00    0.00    0.00    0.00    0.00   99.00
19:33:51      10    0.00    0.00    0.00    0.00    0.00    0.00    0.00    0.00    0.00  100.00
19:33:51      11    0.00    0.00    0.99    0.00    0.00    0.00    0.00    0.00    0.00   99.01
19:33:51      12    0.00    0.00    0.00    0.00    0.00    0.00    0.00    0.00    0.00  100.00
19:33:51      13    0.99    0.00    0.99    0.00    0.00    0.00    0.00    0.00    0.00   98.02
19:33:51      14    0.00    0.00    0.00    0.00    0.00    0.00    0.00    0.00    0.00  100.00
19:33:51      15    0.00    0.00    0.00    0.00    0.00    0.00    0.00    0.00    0.00  100.00
