Linux 7.0.0-1006-aws (ip-172-31-28-187) 	06/20/26 	_x86_64_	(16 CPU)

20:03:05     CPU    %usr   %nice    %sys %iowait    %irq   %soft  %steal  %guest  %gnice   %idle
20:03:06     all   40.23    0.00    4.41    0.06    0.00    0.19    0.00    0.00    0.00   55.11
20:03:06       0   43.43    0.00    3.03    0.00    0.00    0.00    0.00    0.00    0.00   53.54
20:03:06       1   45.45    0.00    2.02    0.00    0.00    0.00    0.00    0.00    0.00   52.53
20:03:06       2   38.24    0.00    2.94    0.00    0.00    0.98    0.00    0.00    0.00   57.84
20:03:06       3   37.00    0.00    3.00    1.00    0.00    0.00    0.00    0.00    0.00   59.00
20:03:06       4   35.71    0.00    4.08    0.00    0.00    0.00    0.00    0.00    0.00   60.20
20:03:06       5   39.80    0.00    2.04    0.00    0.00    0.00    0.00    0.00    0.00   58.16
20:03:06       6   32.00    0.00    3.00    0.00    0.00    1.00    0.00    0.00    0.00   64.00
20:03:06       7   43.88    0.00    3.06    0.00    0.00    0.00    0.00    0.00    0.00   53.06
20:03:06       8   39.39    0.00    3.03    0.00    0.00    0.00    0.00    0.00    0.00   57.58
20:03:06       9   46.53    0.00    2.97    0.00    0.00    0.99    0.00    0.00    0.00   49.50
20:03:06      10   36.73    0.00    2.04    0.00    0.00    0.00    0.00    0.00    0.00   61.22
20:03:06      11   56.57    0.00   26.26    0.00    0.00    0.00    0.00    0.00    0.00   17.17
20:03:06      12   31.31    0.00    4.04    0.00    0.00    0.00    0.00    0.00    0.00   64.65
20:03:06      13   45.45    0.00    3.03    0.00    0.00    0.00    0.00    0.00    0.00   51.52
20:03:06      14   35.35    0.00    4.04    0.00    0.00    0.00    0.00    0.00    0.00   60.61
20:03:06      15   36.73    0.00    2.04    0.00    0.00    0.00    0.00    0.00    0.00   61.22

20:03:06     CPU    %usr   %nice    %sys %iowait    %irq   %soft  %steal  %guest  %gnice   %idle
20:03:07     all   19.36    0.00    1.25    0.00    0.00    0.19    0.00    0.00    0.00   79.20
20:03:07       0   22.22    0.00    0.00    0.00    0.00    0.00    0.00    0.00    0.00   77.78
20:03:07       1   12.87    0.00    0.99    0.00    0.00    0.99    0.00    0.00    0.00   85.15
20:03:07       2   13.13    0.00    2.02    0.00    0.00    0.00    0.00    0.00    0.00   84.85
20:03:07       3   17.00    0.00    2.00    0.00    0.00    0.00    0.00    0.00    0.00   81.00
20:03:07       4   12.00    0.00    2.00    0.00    0.00    0.00    0.00    0.00    0.00   86.00
20:03:07       5    7.14    0.00    1.02    0.00    0.00    0.00    0.00    0.00    0.00   91.84
20:03:07       6   15.15    0.00    1.01    0.00    0.00    0.00    0.00    0.00    0.00   83.84
20:03:07       7   12.87    0.00    1.98    0.00    0.00    0.00    0.00    0.00    0.00   85.15
20:03:07       8   18.00    0.00    1.00    0.00    0.00    0.00    0.00    0.00    0.00   81.00
20:03:07       9  100.00    0.00    0.00    0.00    0.00    0.00    0.00    0.00    0.00    0.00
20:03:07      10    9.00    0.00    2.00    0.00    0.00    0.00    0.00    0.00    0.00   89.00
20:03:07      11   17.00    0.00    2.00    0.00    0.00    0.00    0.00    0.00    0.00   81.00
20:03:07      12   18.18    0.00    2.02    0.00    0.00    0.00    0.00    0.00    0.00   79.80
20:03:07      13   11.11    0.00    0.00    0.00    0.00    1.01    0.00    0.00    0.00   87.88
20:03:07      14    9.00    0.00    1.00    0.00    0.00    1.00    0.00    0.00    0.00   89.00
20:03:07      15   14.85    0.00    0.99    0.00    0.00    0.00    0.00    0.00    0.00   84.16

20:03:07     CPU    %usr   %nice    %sys %iowait    %irq   %soft  %steal  %guest  %gnice   %idle
20:03:08     all   16.78    0.00    0.95    0.19    0.00    0.06    0.00    0.00    0.00   82.02
20:03:08       0   20.20    0.00    2.02    0.00    0.00    0.00    0.00    0.00    0.00   77.78
20:03:08       1    8.25    0.00    0.00    0.00    0.00    0.00    0.00    0.00    0.00   91.75
20:03:08       2    8.00    0.00    1.00    0.00    0.00    0.00    0.00    0.00    0.00   91.00
20:03:08       3   10.10    0.00    1.01    0.00    0.00    0.00    0.00    0.00    0.00   88.89
20:03:08       4    6.06    0.00    1.01    2.02    0.00    0.00    0.00    0.00    0.00   90.91
20:03:08       5   15.15    0.00    0.00    0.00    0.00    0.00    0.00    0.00    0.00   84.85
20:03:08       6    7.07    0.00    1.01    0.00    0.00    0.00    0.00    0.00    0.00   91.92
20:03:08       7   17.35    0.00    1.02    0.00    0.00    0.00    0.00    0.00    0.00   81.63
20:03:08       8   13.13    0.00    1.01    0.00    0.00    0.00    0.00    0.00    0.00   85.86
20:03:08       9  100.00    0.00    0.00    0.00    0.00    0.00    0.00    0.00    0.00    0.00
20:03:08      10    6.12    0.00    1.02    0.00    0.00    0.00    0.00    0.00    0.00   92.86
20:03:08      11   11.88    0.00    0.99    0.00    0.00    0.99    0.00    0.00    0.00   86.14
20:03:08      12   13.00    0.00    1.00    0.00    0.00    0.00    0.00    0.00    0.00   86.00
20:03:08      13    7.07    0.00    2.02    1.01    0.00    0.00    0.00    0.00    0.00   89.90
20:03:08      14   12.24    0.00    1.02    0.00    0.00    0.00    0.00    0.00    0.00   86.73
20:03:08      15   12.00    0.00    1.00    0.00    0.00    0.00    0.00    0.00    0.00   87.00

20:03:08     CPU    %usr   %nice    %sys %iowait    %irq   %soft  %steal  %guest  %gnice   %idle
20:03:09     all   37.68    0.00    3.23    0.00    0.00    0.13    0.00    0.00    0.00   58.96
20:03:09       0   29.29    0.00    5.05    0.00    0.00    1.01    0.00    0.00    0.00   64.65
20:03:09       1   39.00    0.00    2.00    0.00    0.00    1.00    0.00    0.00    0.00   58.00
20:03:09       2   53.06    0.00    3.06    0.00    0.00    0.00    0.00    0.00    0.00   43.88
20:03:09       3   40.82    0.00    4.08    0.00    0.00    0.00    0.00    0.00    0.00   55.10
20:03:09       4   46.00    0.00    4.00    0.00    0.00    0.00    0.00    0.00    0.00   50.00
20:03:09       5   32.32    0.00    3.03    0.00    0.00    0.00    0.00    0.00    0.00   64.65
20:03:09       6   42.86    0.00    2.04    0.00    0.00    0.00    0.00    0.00    0.00   55.10
20:03:09       7   61.00    0.00    2.00    0.00    0.00    0.00    0.00    0.00    0.00   37.00
20:03:09       8   28.57    0.00    4.08    0.00    0.00    0.00    0.00    0.00    0.00   67.35
20:03:09       9   34.00    0.00    1.00    0.00    0.00    0.00    0.00    0.00    0.00   65.00
20:03:09      10   23.47    0.00    4.08    0.00    0.00    0.00    0.00    0.00    0.00   72.45
20:03:09      11   27.55    0.00    4.08    0.00    0.00    0.00    0.00    0.00    0.00   68.37
20:03:09      12   28.57    0.00    1.02    0.00    0.00    0.00    0.00    0.00    0.00   70.41
20:03:09      13   52.53    0.00    5.05    0.00    0.00    0.00    0.00    0.00    0.00   42.42
20:03:09      14   28.57    0.00    4.08    0.00    0.00    0.00    0.00    0.00    0.00   67.35
20:03:09      15   34.69    0.00    3.06    0.00    0.00    0.00    0.00    0.00    0.00   62.24

20:03:09     CPU    %usr   %nice    %sys %iowait    %irq   %soft  %steal  %guest  %gnice   %idle
20:03:10     all   16.21    0.00    1.82    0.00    0.00    0.06    0.06    0.00    0.00   81.85
20:03:10       0   16.33    0.00    1.02    0.00    0.00    0.00    0.00    0.00    0.00   82.65
20:03:10       1   12.75    0.00    1.96    0.00    0.00    0.00    0.00    0.00    0.00   85.29
20:03:10       2    5.94    0.00    2.97    0.00    0.00    0.00    0.00    0.00    0.00   91.09
20:03:10       3    4.08    0.00    2.04    0.00    0.00    0.00    0.00    0.00    0.00   93.88
20:03:10       4   31.63    0.00    0.00    0.00    0.00    0.00    0.00    0.00    0.00   68.37
20:03:10       5   13.00    0.00    3.00    0.00    0.00    0.00    0.00    0.00    0.00   84.00
20:03:10       6   11.22    0.00    1.02    0.00    0.00    0.00    0.00    0.00    0.00   87.76
20:03:10       7   24.00    0.00    1.00    0.00    0.00    0.00    0.00    0.00    0.00   75.00
20:03:10       8    8.16    0.00    3.06    0.00    0.00    1.02    0.00    0.00    0.00   87.76
20:03:10       9    5.05    0.00    2.02    0.00    0.00    0.00    1.01    0.00    0.00   91.92
20:03:10      10   24.75    0.00    1.98    0.00    0.00    0.00    0.00    0.00    0.00   73.27
20:03:10      11    6.86    0.00    3.92    0.00    0.00    0.00    0.00    0.00    0.00   89.22
20:03:10      12   76.77    0.00    1.01    0.00    0.00    0.00    0.00    0.00    0.00   22.22
20:03:10      13    3.03    0.00    2.02    0.00    0.00    0.00    0.00    0.00    0.00   94.95
20:03:10      14    7.92    0.00    0.99    0.00    0.00    0.00    0.00    0.00    0.00   91.09
20:03:10      15    8.16    0.00    1.02    0.00    0.00    0.00    0.00    0.00    0.00   90.82

20:03:10     CPU    %usr   %nice    %sys %iowait    %irq   %soft  %steal  %guest  %gnice   %idle
20:03:11     all   22.72    0.00    1.76    0.06    0.00    0.13    0.00    0.00    0.00   75.33
20:03:11       0   55.56    0.00    1.01    0.00    0.00    0.00    0.00    0.00    0.00   43.43
20:03:11       1    9.18    0.00    2.04    0.00    0.00    0.00    0.00    0.00    0.00   88.78
20:03:11       2    9.18    0.00    2.04    0.00    0.00    0.00    0.00    0.00    0.00   88.78
20:03:11       3    8.08    0.00    2.02    0.00    0.00    0.00    0.00    0.00    0.00   89.90
20:03:11       4   24.75    0.00    1.98    0.00    0.00    0.00    0.00    0.00    0.00   73.27
20:03:11       5   19.80    0.00    2.97    0.00    0.00    0.99    0.00    0.00    0.00   76.24
20:03:11       6   16.00    0.00    0.00    1.00    0.00    0.00    0.00    0.00    0.00   83.00
20:03:11       7   29.29    0.00    2.02    0.00    0.00    0.00    0.00    0.00    0.00   68.69
20:03:11       8    7.07    0.00    2.02    0.00    0.00    0.00    0.00    0.00    0.00   90.91
20:03:11       9   29.59    0.00    1.02    0.00    0.00    0.00    0.00    0.00    0.00   69.39
20:03:11      10   20.20    0.00    2.02    0.00    0.00    0.00    0.00    0.00    0.00   77.78
20:03:11      11   17.35    0.00    2.04    0.00    0.00    0.00    0.00    0.00    0.00   80.61
20:03:11      12   81.82    0.00    0.00    0.00    0.00    0.00    0.00    0.00    0.00   18.18
20:03:11      13    4.00    0.00    2.00    0.00    0.00    0.00    0.00    0.00    0.00   94.00
20:03:11      14   26.73    0.00    1.98    0.00    0.00    0.00    0.00    0.00    0.00   71.29
20:03:11      15    5.00    0.00    3.00    0.00    0.00    1.00    0.00    0.00    0.00   91.00

20:03:11     CPU    %usr   %nice    %sys %iowait    %irq   %soft  %steal  %guest  %gnice   %idle
20:03:12     all   13.92    0.00    1.57    0.00    0.00    0.06    0.00    0.00    0.00   84.45
20:03:12       0  100.00    0.00    0.00    0.00    0.00    0.00    0.00    0.00    0.00    0.00
20:03:12       1   10.20    0.00    1.02    0.00    0.00    0.00    0.00    0.00    0.00   88.78
20:03:12       2    4.95    0.00    1.98    0.00    0.00    0.00    0.00    0.00    0.00   93.07
20:03:12       3    3.00    0.00    1.00    0.00    0.00    0.00    0.00    0.00    0.00   96.00
20:03:12       4    4.04    0.00    1.01    0.00    0.00    0.00    0.00    0.00    0.00   94.95
20:03:12       5    1.01    0.00    1.01    0.00    0.00    0.00    0.00    0.00    0.00   97.98
20:03:12       6    9.09    0.00    2.02    0.00    0.00    0.00    0.00    0.00    0.00   88.89
20:03:12       7   19.00    0.00    1.00    0.00    0.00    0.00    0.00    0.00    0.00   80.00
20:03:12       8    3.85    0.00    4.81    0.00    0.00    0.00    0.00    0.00    0.00   91.35
20:03:12       9    8.00    0.00    2.00    0.00    0.00    0.00    0.00    0.00    0.00   90.00
20:03:12      10    7.14    0.00    1.02    0.00    0.00    1.02    0.00    0.00    0.00   90.82
20:03:12      11    3.03    0.00    1.01    0.00    0.00    0.00    0.00    0.00    0.00   95.96
20:03:12      12   17.17    0.00    1.01    0.00    0.00    0.00    0.00    0.00    0.00   81.82
20:03:12      13   13.00    0.00    2.00    0.00    0.00    0.00    0.00    0.00    0.00   85.00
20:03:12      14   16.33    0.00    1.02    0.00    0.00    0.00    0.00    0.00    0.00   82.65
20:03:12      15    2.97    0.00    2.97    0.00    0.00    0.00    0.00    0.00    0.00   94.06

20:03:12     CPU    %usr   %nice    %sys %iowait    %irq   %soft  %steal  %guest  %gnice   %idle
20:03:13     all   37.03    0.00    3.09    0.76    0.00    0.00    0.00    0.00    0.00   59.12
20:03:13       0   56.12    0.00    2.04    0.00    0.00    0.00    0.00    0.00    0.00   41.84
20:03:13       1   17.00    0.00    4.00    1.00    0.00    0.00    0.00    0.00    0.00   78.00
20:03:13       2   20.20    0.00    4.04    0.00    0.00    0.00    0.00    0.00    0.00   75.76
20:03:13       3   70.41    0.00    1.02    0.00    0.00    0.00    0.00    0.00    0.00   28.57
20:03:13       4   35.35    0.00    5.05    2.02    0.00    0.00    0.00    0.00    0.00   57.58
20:03:13       5   32.00    0.00    4.00    0.00    0.00    0.00    0.00    0.00    0.00   64.00
20:03:13       6   39.39    0.00    4.04    1.01    0.00    0.00    0.00    0.00    0.00   55.56
20:03:13       7   34.34    0.00    2.02    0.00    0.00    0.00    0.00    0.00    0.00   63.64
20:03:13       8   38.78    0.00    2.04    0.00    0.00    0.00    0.00    0.00    0.00   59.18
20:03:13       9   58.16    0.00    2.04    0.00    0.00    0.00    0.00    0.00    0.00   39.80
20:03:13      10   33.33    0.00    4.04    1.01    0.00    0.00    0.00    0.00    0.00   61.62
20:03:13      11   29.29    0.00    3.03    1.01    0.00    0.00    0.00    0.00    0.00   66.67
20:03:13      12   19.39    0.00    2.04    1.02    0.00    0.00    0.00    0.00    0.00   77.55
20:03:13      13   52.53    0.00    3.03    2.02    0.00    0.00    0.00    0.00    0.00   42.42
20:03:13      14   32.35    0.00    2.94    0.98    0.00    0.00    0.00    0.00    0.00   63.73
20:03:13      15   25.00    0.00    4.00    2.00    0.00    0.00    0.00    0.00    0.00   69.00

20:03:13     CPU    %usr   %nice    %sys %iowait    %irq   %soft  %steal  %guest  %gnice   %idle
20:03:14     all   35.23    0.00    2.19    0.25    0.00    0.06    0.00    0.00    0.00   62.27
20:03:14       0   11.11    0.00    2.02    1.01    0.00    0.00    0.00    0.00    0.00   85.86
20:03:14       1   24.75    0.00    2.97    0.00    0.00    0.99    0.00    0.00    0.00   71.29
20:03:14       2   23.00    0.00    3.00    1.00    0.00    0.00    0.00    0.00    0.00   73.00
20:03:14       3  100.00    0.00    0.00    0.00    0.00    0.00    0.00    0.00    0.00    0.00
20:03:14       4   33.00    0.00    2.00    0.00    0.00    0.00    0.00    0.00    0.00   65.00
20:03:14       5   20.00    0.00    3.00    0.00    0.00    0.00    0.00    0.00    0.00   77.00
20:03:14       6   48.48    0.00    2.02    0.00    0.00    0.00    0.00    0.00    0.00   49.49
20:03:14       7   21.43    0.00    2.04    0.00    0.00    0.00    0.00    0.00    0.00   76.53
20:03:14       8   75.00    0.00    2.00    0.00    0.00    0.00    0.00    0.00    0.00   23.00
20:03:14       9   36.27    0.00    1.96    0.98    0.00    0.00    0.00    0.00    0.00   60.78
20:03:14      10   55.00    0.00    1.00    1.00    0.00    0.00    0.00    0.00    0.00   43.00
20:03:14      11    6.00    0.00    3.00    0.00    0.00    0.00    0.00    0.00    0.00   91.00
20:03:14      12   43.56    0.00    2.97    0.00    0.00    0.00    0.00    0.00    0.00   53.47
20:03:14      13   28.00    0.00    2.00    0.00    0.00    0.00    0.00    0.00    0.00   70.00
20:03:14      14   12.12    0.00    4.04    0.00    0.00    0.00    0.00    0.00    0.00   83.84
20:03:14      15   25.25    0.00    1.01    0.00    0.00    0.00    0.00    0.00    0.00   73.74

20:03:14     CPU    %usr   %nice    %sys %iowait    %irq   %soft  %steal  %guest  %gnice   %idle
20:03:15     all   12.57    0.00    0.31    0.00    0.00    0.00    0.00    0.00    0.00   87.12
20:03:15       0    4.00    0.00    1.00    0.00    0.00    0.00    0.00    0.00    0.00   95.00
20:03:15       1    1.02    0.00    0.00    0.00    0.00    0.00    0.00    0.00    0.00   98.98
20:03:15       2   81.82    0.00    0.00    0.00    0.00    0.00    0.00    0.00    0.00   18.18
20:03:15       3   20.00    0.00    0.00    0.00    0.00    0.00    0.00    0.00    0.00   80.00
20:03:15       4   10.10    0.00    1.01    0.00    0.00    0.00    0.00    0.00    0.00   88.89
20:03:15       5    6.06    0.00    0.00    0.00    0.00    0.00    0.00    0.00    0.00   93.94
20:03:15       6    6.06    0.00    0.00    0.00    0.00    0.00    0.00    0.00    0.00   93.94
20:03:15       7    3.00    0.00    0.00    0.00    0.00    0.00    0.00    0.00    0.00   97.00
20:03:15       8    2.00    0.00    0.00    0.00    0.00    0.00    0.00    0.00    0.00   98.00
20:03:15       9   25.00    0.00    1.00    0.00    0.00    0.00    0.00    0.00    0.00   74.00
20:03:15      10    4.00    0.00    0.00    0.00    0.00    0.00    0.00    0.00    0.00   96.00
20:03:15      11    8.00    0.00    1.00    0.00    0.00    0.00    0.00    0.00    0.00   91.00
20:03:15      12   17.17    0.00    0.00    0.00    0.00    0.00    0.00    0.00    0.00   82.83
20:03:15      13    4.04    0.00    0.00    0.00    0.00    0.00    0.00    0.00    0.00   95.96
20:03:15      14    1.01    0.00    0.00    0.00    0.00    0.00    0.00    0.00    0.00   98.99
20:03:15      15    8.00    0.00    1.00    0.00    0.00    0.00    0.00    0.00    0.00   91.00

20:03:15     CPU    %usr   %nice    %sys %iowait    %irq   %soft  %steal  %guest  %gnice   %idle
20:03:16     all   13.56    0.00    1.44    0.00    0.00    0.13    0.00    0.00    0.00   84.87
20:03:16       0    9.09    0.00    1.01    0.00    0.00    0.00    0.00    0.00    0.00   89.90
20:03:16       1    5.00    0.00    2.00    0.00    0.00    0.00    0.00    0.00    0.00   93.00
20:03:16       2  100.00    0.00    0.00    0.00    0.00    0.00    0.00    0.00    0.00    0.00
20:03:16       3   23.00    0.00    2.00    0.00    0.00    0.00    0.00    0.00    0.00   75.00
20:03:16       4   10.00    0.00    3.00    0.00    0.00    0.00    0.00    0.00    0.00   87.00
20:03:16       5    5.05    0.00    1.01    0.00    0.00    0.00    0.00    0.00    0.00   93.94
20:03:16       6    4.00    0.00    2.00    0.00    0.00    1.00    0.00    0.00    0.00   93.00
20:03:16       7   10.00    0.00    1.00    0.00    0.00    0.00    0.00    0.00    0.00   89.00
20:03:16       8    7.00    0.00    2.00    0.00    0.00    0.00    0.00    0.00    0.00   91.00
20:03:16       9    9.00    0.00    2.00    0.00    0.00    0.00    0.00    0.00    0.00   89.00
20:03:16      10    4.04    0.00    2.02    0.00    0.00    0.00    0.00    0.00    0.00   93.94
20:03:16      11    5.00    0.00    1.00    0.00    0.00    1.00    0.00    0.00    0.00   93.00
20:03:16      12    7.07    0.00    1.01    0.00    0.00    0.00    0.00    0.00    0.00   91.92
20:03:16      13    6.06    0.00    1.01    0.00    0.00    0.00    0.00    0.00    0.00   92.93
20:03:16      14    8.00    0.00    1.00    0.00    0.00    0.00    0.00    0.00    0.00   91.00
20:03:16      15    4.08    0.00    1.02    0.00    0.00    0.00    0.00    0.00    0.00   94.90

20:03:16     CPU    %usr   %nice    %sys %iowait    %irq   %soft  %steal  %guest  %gnice   %idle
20:03:17     all   28.27    0.00    2.70    0.00    0.00    0.25    0.00    0.00    0.00   68.78
20:03:17       0   13.86    0.00    4.95    0.00    0.00    0.99    0.00    0.00    0.00   80.20
20:03:17       1   32.32    0.00    3.03    0.00    0.00    0.00    0.00    0.00    0.00   64.65
20:03:17       2   26.00    0.00    1.00    0.00    0.00    0.00    0.00    0.00    0.00   73.00
20:03:17       3   83.84    0.00    2.02    0.00    0.00    0.00    0.00    0.00    0.00   14.14
20:03:17       4   17.17    0.00    3.03    0.00    0.00    0.00    0.00    0.00    0.00   79.80
20:03:17       5   21.21    0.00    2.02    0.00    0.00    0.00    0.00    0.00    0.00   76.77
20:03:17       6   24.24    0.00    3.03    0.00    0.00    0.00    0.00    0.00    0.00   72.73
20:03:17       7   19.00    0.00    2.00    0.00    0.00    0.00    0.00    0.00    0.00   79.00
20:03:17       8   20.00    0.00    2.00    0.00    0.00    0.00    0.00    0.00    0.00   78.00
20:03:17       9   24.21    0.00    2.11    0.00    0.00    0.00    0.00    0.00    0.00   73.68
20:03:17      10   44.44    0.00    2.02    0.00    0.00    0.00    0.00    0.00    0.00   53.54
20:03:17      11   15.15    0.00    2.02    0.00    0.00    0.00    0.00    0.00    0.00   82.83
20:03:17      12   47.00    0.00    2.00    0.00    0.00    0.00    0.00    0.00    0.00   51.00
20:03:17      13   40.59    0.00    0.99    0.00    0.00    0.99    0.00    0.00    0.00   57.43
20:03:17      14   12.75    0.00    4.90    0.00    0.00    0.98    0.00    0.00    0.00   81.37
20:03:17      15   11.00    0.00    6.00    0.00    0.00    1.00    0.00    0.00    0.00   82.00

20:03:17     CPU    %usr   %nice    %sys %iowait    %irq   %soft  %steal  %guest  %gnice   %idle
20:03:18     all   30.53    0.00    2.07    0.25    0.00    0.13    0.00    0.00    0.00   67.02
20:03:18       0   15.00    0.00    4.00    0.00    0.00    0.00    0.00    0.00    0.00   81.00
20:03:18       1   47.47    0.00    1.01    0.00    0.00    0.00    0.00    0.00    0.00   51.52
20:03:18       2   10.89    0.00    2.97    0.00    0.00    0.99    0.00    0.00    0.00   85.15
20:03:18       3   80.81    0.00    0.00    0.00    0.00    0.00    0.00    0.00    0.00   19.19
20:03:18       4   26.26    0.00    1.01    0.00    0.00    0.00    0.00    0.00    0.00   72.73
20:03:18       5   34.00    0.00    1.00    1.00    0.00    0.00    0.00    0.00    0.00   64.00
20:03:18       6   25.25    0.00    2.02    0.00    0.00    0.00    0.00    0.00    0.00   72.73
20:03:18       7    7.00    0.00    3.00    0.00    0.00    0.00    0.00    0.00    0.00   90.00
20:03:18       8   11.88    0.00    2.97    0.99    0.00    0.00    0.00    0.00    0.00   84.16
20:03:18       9   30.30    0.00    3.03    0.00    0.00    1.01    0.00    0.00    0.00   65.66
20:03:18      10   19.19    0.00    3.03    0.00    0.00    0.00    0.00    0.00    0.00   77.78
20:03:18      11   25.49    0.00    1.96    0.98    0.00    0.00    0.00    0.00    0.00   71.57
20:03:18      12   59.18    0.00    1.02    0.00    0.00    0.00    0.00    0.00    0.00   39.80
20:03:18      13   32.00    0.00    2.00    1.00    0.00    0.00    0.00    0.00    0.00   65.00
20:03:18      14   31.00    0.00    2.00    0.00    0.00    0.00    0.00    0.00    0.00   67.00
20:03:18      15   34.34    0.00    2.02    0.00    0.00    0.00    0.00    0.00    0.00   63.64

20:03:18     CPU    %usr   %nice    %sys %iowait    %irq   %soft  %steal  %guest  %gnice   %idle
20:03:19     all   33.80    0.00    1.77    0.19    0.00    0.13    0.00    0.00    0.00   64.12
20:03:19       0   10.31    0.00    2.06    0.00    0.00    0.00    0.00    0.00    0.00   87.63
20:03:19       1   40.40    0.00    2.02    0.00    0.00    0.00    0.00    0.00    0.00   57.58
20:03:19       2   47.96    0.00    2.04    0.00    0.00    0.00    0.00    0.00    0.00   50.00
20:03:19       3  100.00    0.00    0.00    0.00    0.00    0.00    0.00    0.00    0.00    0.00
20:03:19       4   15.15    0.00    2.02    0.00    0.00    0.00    0.00    0.00    0.00   82.83
20:03:19       5   21.43    0.00    2.04    0.00    0.00    0.00    0.00    0.00    0.00   76.53
20:03:19       6   39.00    0.00    2.00    1.00    0.00    0.00    0.00    0.00    0.00   58.00
20:03:19       7   12.12    0.00    2.02    0.00    0.00    1.01    0.00    0.00    0.00   84.85
20:03:19       8   22.22    0.00    1.01    0.00    0.00    0.00    0.00    0.00    0.00   76.77
20:03:19       9   29.29    0.00    3.03    0.00    0.00    0.00    0.00    0.00    0.00   67.68
20:03:19      10   59.60    0.00    2.02    0.00    0.00    0.00    0.00    0.00    0.00   38.38
20:03:19      11   16.00    0.00    2.00    0.00    0.00    0.00    0.00    0.00    0.00   82.00
20:03:19      12   39.60    0.00    0.99    0.99    0.00    0.99    0.00    0.00    0.00   57.43
20:03:19      13   30.30    0.00    1.01    0.00    0.00    0.00    0.00    0.00    0.00   68.69
20:03:19      14   37.37    0.00    2.02    1.01    0.00    0.00    0.00    0.00    0.00   59.60
20:03:19      15   19.00    0.00    2.00    0.00    0.00    0.00    0.00    0.00    0.00   79.00

20:03:19     CPU    %usr   %nice    %sys %iowait    %irq   %soft  %steal  %guest  %gnice   %idle
20:03:20     all   34.53    0.00    1.83    0.00    0.00    0.19    0.00    0.00    0.00   63.45
20:03:20       0   57.58    0.00    1.01    0.00    0.00    0.00    0.00    0.00    0.00   41.41
20:03:20       1   18.00    0.00    2.00    0.00    0.00    1.00    0.00    0.00    0.00   79.00
20:03:20       2   36.36    0.00    2.02    0.00    0.00    0.00    0.00    0.00    0.00   61.62
20:03:20       3  100.00    0.00    0.00    0.00    0.00    0.00    0.00    0.00    0.00    0.00
20:03:20       4   12.00    0.00    3.00    0.00    0.00    1.00    0.00    0.00    0.00   84.00
20:03:20       5   22.22    0.00    4.04    0.00    0.00    0.00    0.00    0.00    0.00   73.74
20:03:20       6   10.00    0.00    2.00    0.00    0.00    0.00    0.00    0.00    0.00   88.00
20:03:20       7   17.00    0.00    2.00    0.00    0.00    0.00    0.00    0.00    0.00   81.00
20:03:20       8    9.09    0.00    2.02    0.00    0.00    1.01    0.00    0.00    0.00   87.88
20:03:20       9   45.00    0.00    2.00    0.00    0.00    0.00    0.00    0.00    0.00   53.00
20:03:20      10   72.73    0.00    1.01    0.00    0.00    0.00    0.00    0.00    0.00   26.26
20:03:20      11   24.49    0.00    1.02    0.00    0.00    0.00    0.00    0.00    0.00   74.49
20:03:20      12   25.25    0.00    2.02    0.00    0.00    0.00    0.00    0.00    0.00   72.73
20:03:20      13   22.45    0.00    2.04    0.00    0.00    0.00    0.00    0.00    0.00   75.51
20:03:20      14   22.22    0.00    2.02    0.00    0.00    0.00    0.00    0.00    0.00   75.76
20:03:20      15   58.16    0.00    1.02    0.00    0.00    0.00    0.00    0.00    0.00   40.82

20:03:20     CPU    %usr   %nice    %sys %iowait    %irq   %soft  %steal  %guest  %gnice   %idle
20:03:21     all    7.64    0.00    0.50    0.00    0.00    0.00    0.00    0.00    0.00   91.85
20:03:21       0    1.01    0.00    0.00    0.00    0.00    0.00    0.00    0.00    0.00   98.99
20:03:21       1   11.00    0.00    1.00    0.00    0.00    0.00    0.00    0.00    0.00   88.00
20:03:21       2    6.00    0.00    1.00    0.00    0.00    0.00    0.00    0.00    0.00   93.00
20:03:21       3   33.33    0.00    0.00    0.00    0.00    0.00    0.00    0.00    0.00   66.67
20:03:21       4   20.79    0.00    0.00    0.00    0.00    0.00    0.00    0.00    0.00   79.21
20:03:21       5    5.00    0.00    0.00    0.00    0.00    0.00    0.00    0.00    0.00   95.00
20:03:21       6    5.00    0.00    1.00    0.00    0.00    0.00    0.00    0.00    0.00   94.00
20:03:21       7    5.05    0.00    0.00    0.00    0.00    0.00    0.00    0.00    0.00   94.95
20:03:21       8    0.00    0.00    1.00    0.00    0.00    0.00    0.00    0.00    0.00   99.00
20:03:21       9    9.09    0.00    0.00    0.00    0.00    0.00    0.00    0.00    0.00   90.91
20:03:21      10   10.10    0.00    1.01    0.00    0.00    0.00    0.00    0.00    0.00   88.89
20:03:21      11    7.00    0.00    1.00    0.00    0.00    0.00    0.00    0.00    0.00   92.00
20:03:21      12    5.05    0.00    0.00    0.00    0.00    0.00    0.00    0.00    0.00   94.95
20:03:21      13    1.00    0.00    1.00    0.00    0.00    0.00    0.00    0.00    0.00   98.00
20:03:21      14    2.00    0.00    0.00    0.00    0.00    0.00    0.00    0.00    0.00   98.00
20:03:21      15    0.99    0.00    0.99    0.00    0.00    0.00    0.00    0.00    0.00   98.02

20:03:21     CPU    %usr   %nice    %sys %iowait    %irq   %soft  %steal  %guest  %gnice   %idle
20:03:22     all    3.88    0.00    0.81    0.00    0.00    0.06    0.00    0.00    0.00   95.24
20:03:22       0    6.00    0.00    1.00    0.00    0.00    0.00    0.00    0.00    0.00   93.00
20:03:22       1    3.03    0.00    0.00    0.00    0.00    0.00    0.00    0.00    0.00   96.97
20:03:22       2    1.01    0.00    1.01    0.00    0.00    0.00    0.00    0.00    0.00   97.98
20:03:22       3    2.97    0.00    0.00    0.00    0.00    0.99    0.00    0.00    0.00   96.04
20:03:22       4    2.00    0.00    2.00    0.00    0.00    0.00    0.00    0.00    0.00   96.00
20:03:22       5    9.09    0.00    1.01    0.00    0.00    0.00    0.00    0.00    0.00   89.90
20:03:22       6    2.02    0.00    0.00    0.00    0.00    0.00    0.00    0.00    0.00   97.98
20:03:22       7    6.06    0.00    0.00    0.00    0.00    0.00    0.00    0.00    0.00   93.94
20:03:22       8    1.98    0.00    1.98    0.00    0.00    0.00    0.00    0.00    0.00   96.04
20:03:22       9    9.00    0.00    2.00    0.00    0.00    0.00    0.00    0.00    0.00   89.00
20:03:22      10    4.00    0.00    0.00    0.00    0.00    0.00    0.00    0.00    0.00   96.00
20:03:22      11    7.00    0.00    0.00    0.00    0.00    0.00    0.00    0.00    0.00   93.00
20:03:22      12    1.00    0.00    1.00    0.00    0.00    0.00    0.00    0.00    0.00   98.00
20:03:22      13    5.00    0.00    1.00    0.00    0.00    0.00    0.00    0.00    0.00   94.00
20:03:22      14    1.00    0.00    1.00    0.00    0.00    0.00    0.00    0.00    0.00   98.00
20:03:22      15    1.00    0.00    1.00    0.00    0.00    0.00    0.00    0.00    0.00   98.00
