Linux 6.17.0-1019-aws (ip-172-31-34-148) 	07/23/26 	_x86_64_	(4 CPU)

# Time        UID       PID    %usr %system  %guest   %wait    %CPU   CPU  Command
06:44:48     1000      4243   22.77    0.99    0.00    0.00   23.76     2  java
06:44:48     1000      4251   20.79    1.98    0.00    0.00   22.77     1  java
06:44:48     1000      4265   87.13    6.93    0.00    0.00   94.06     2  java
06:44:48     1000      4802  160.40   18.81    0.00    0.00  179.21     0  java

# Time        UID       PID    %usr %system  %guest   %wait    %CPU   CPU  Command
06:44:49        0        37    0.00    2.00    0.00    0.00    2.00     3  kworker/3:0-xfs-conv/nvme1n1
06:44:49        0        46    0.00    3.00    0.00    0.00    3.00     1  kworker/u16:1-xfs-cil/nvme1n1
06:44:49        0        47    0.00    2.00    0.00    0.00    2.00     2  kworker/u16:2-xfs-cil/nvme1n1
06:44:49        0        57    0.00    1.00    0.00    0.00    1.00     2  kworker/2:1-xfs-conv/nvme1n1
06:44:49        0        66    0.00    1.00    0.00    0.00    1.00     3  kworker/3:1H-xfs-log/nvme1n1
06:44:49        0        99    0.00    2.00    0.00    0.00    2.00     0  kworker/0:1H-xfs-log/nvme1n1
06:44:49        0       100    0.00    2.00    0.00    0.00    2.00     0  kworker/0:2-xfs-conv/nvme1n1
06:44:49        0       122    0.00    1.00    0.00    0.00    1.00     2  kworker/2:1H-xfs-log/nvme1n1
06:44:49     1000      4243   25.00    3.00    0.00    0.00   28.00     2  java
06:44:49     1000      4251   22.00    2.00    0.00    0.00   24.00     1  java
06:44:49     1000      4265   56.00   12.00    0.00    0.00   68.00     2  java
06:44:49     1000      4802   66.00    5.00    0.00    0.00   71.00     0  java

# Time        UID       PID    %usr %system  %guest   %wait    %CPU   CPU  Command
06:44:50        0        47    0.00    1.00    0.00    0.00    1.00     3  kworker/u16:2-xfs-cil/nvme1n1
06:44:50        0       100    0.00    1.00    0.00    1.00    1.00     0  kworker/0:2-xfs-conv/nvme1n1
06:44:50        0       155    0.00    1.00    0.00    0.00    1.00     1  kworker/1:2+xfs-conv/nvme1n1
06:44:50     1000      4243   52.00    6.00    0.00    0.00   58.00     2  java
06:44:50     1000      4251   46.00    2.00    0.00    0.00   48.00     1  java
06:44:50     1000      4265   55.00    2.00    0.00    0.00   57.00     2  java
06:44:50     1000      4797    1.00    0.00    0.00    0.00    1.00     2  pidstat
06:44:50     1000      4802   61.00    4.00    0.00    0.00   65.00     0  java

# Time        UID       PID    %usr %system  %guest   %wait    %CPU   CPU  Command
06:44:51        0        37    0.00    1.00    0.00    0.00    1.00     3  kworker/3:0-xfs-conv/nvme1n1
06:44:51        0        46    0.00    1.00    0.00    0.00    1.00     1  kworker/u16:1-xfs-cil/nvme1n1
06:44:51        0        47    0.00    4.00    0.00    1.00    4.00     3  kworker/u16:2-xfs-cil/nvme1n1
06:44:51        0        57    0.00    1.00    0.00    1.00    1.00     2  kworker/2:1-xfs-conv/nvme1n1
06:44:51        0        66    0.00    1.00    0.00    1.00    1.00     3  kworker/3:1H-xfs-log/nvme1n1
06:44:51        0        99    0.00    2.00    0.00    0.00    2.00     0  kworker/0:1H-xfs-log/nvme1n1
06:44:51        0       100    0.00    2.00    0.00    0.00    2.00     0  kworker/0:2-xfs-conv/nvme1n1
06:44:51     1000      4243   48.00    9.00    0.00    0.00   57.00     2  java
06:44:51     1000      4251   18.00    1.00    0.00    0.00   19.00     1  java
06:44:51     1000      4265   47.00    6.00    0.00    0.00   53.00     2  java
06:44:51     1000      4797    0.00    1.00    0.00    1.00    1.00     2  pidstat
06:44:51     1000      4802   69.00   10.00    0.00    0.00   79.00     0  java

# Time        UID       PID    %usr %system  %guest   %wait    %CPU   CPU  Command
06:44:52        0        37    0.00    2.00    0.00    1.00    2.00     3  kworker/3:0-xfs-conv/nvme1n1
06:44:52        0        46    0.00    1.00    0.00    0.00    1.00     1  kworker/u16:1-xfs-cil/nvme1n1
06:44:52        0        47    0.00    3.00    0.00    0.00    3.00     2  kworker/u16:2-kvfree_rcu_reclaim
06:44:52        0        57    0.00    1.00    0.00    0.00    1.00     2  kworker/2:1-xfs-conv/nvme1n1
06:44:52        0        66    0.00    1.00    0.00    1.00    1.00     3  kworker/3:1H-xfs-log/nvme1n1
06:44:52        0        81    0.00    1.00    0.00    2.00    1.00     1  kworker/1:1H-xfs-log/nvme1n1
06:44:52        0        99    0.00    1.00    0.00    0.00    1.00     0  kworker/0:1H-xfs-log/nvme1n1
06:44:52        0       100    0.00    1.00    0.00    0.00    1.00     0  kworker/0:2-xfs-conv/nvme1n1
06:44:52        0       122    0.00    1.00    0.00    1.00    1.00     2  kworker/2:1H-xfs-log/nvme1n1
06:44:52        0       155    0.00    2.00    0.00    2.00    2.00     1  kworker/1:2-xfs-conv/nvme1n1
06:44:52     1000      4243  106.00    6.00    0.00    0.00  112.00     2  java
06:44:52     1000      4251  109.00    8.00    0.00    0.00  117.00     1  java
06:44:52     1000      4265   18.00   14.00    0.00    0.00   32.00     2  java
06:44:52     1000      4802   78.00    8.00    0.00    0.00   86.00     0  java

# Time        UID       PID    %usr %system  %guest   %wait    %CPU   CPU  Command
06:44:53     1000      4243   48.00    1.00    0.00    0.00   49.00     2  java
06:44:53     1000      4251   91.00    3.00    0.00    0.00   94.00     1  java
06:44:53     1000      4265  117.00    2.00    0.00    0.00  119.00     2  java
06:44:53     1000      4802   52.00    4.00    0.00    0.00   56.00     0  java

# Time        UID       PID    %usr %system  %guest   %wait    %CPU   CPU  Command
06:44:54     1000      4243   35.64    1.98    0.00    0.00   37.62     2  java
06:44:54     1000      4251   99.01   14.85    0.00    0.00  113.86     1  java
06:44:54     1000      4265   40.59    2.97    0.00    0.00   43.56     2  java
06:44:54     1000      4797    0.00    0.99    0.00    2.97    0.99     2  pidstat
06:44:54     1000      4802   91.09   22.77    0.00    0.00  113.86     0  java

# Time        UID       PID    %usr %system  %guest   %wait    %CPU   CPU  Command
06:44:55     1000      4243   43.00    2.00    0.00    0.00   45.00     2  java
06:44:55     1000      4251  160.00   12.00    0.00    0.00  172.00     1  java
06:44:55     1000      4265   31.00    1.00    0.00    0.00   32.00     2  java
06:44:55     1000      4802   87.00   17.00    0.00    0.00  104.00     0  java

# Time        UID       PID    %usr %system  %guest   %wait    %CPU   CPU  Command
06:44:56     1000      4243   45.00    1.00    0.00    0.00   46.00     2  java
06:44:56     1000      4251  146.00   16.00    0.00    0.00  162.00     1  java
06:44:56     1000      4265   11.00    1.00    0.00    0.00   12.00     2  java
06:44:56     1000      4802  143.00   36.00    0.00    0.00  179.00     0  java

# Time        UID       PID    %usr %system  %guest   %wait    %CPU   CPU  Command
06:44:57        0        47    0.00    3.00    0.00    0.00    3.00     1  kworker/u16:2-xfs-cil/nvme1n1
06:44:57        0        57    0.00    2.00    0.00    1.00    2.00     2  kworker/2:1-xfs-conv/nvme1n1
06:44:57        0        81    0.00    1.00    0.00    0.00    1.00     1  kworker/1:1H-xfs-log/nvme1n1
06:44:57        0        99    0.00    1.00    0.00    0.00    1.00     0  kworker/0:1H-xfs-log/nvme1n1
06:44:57        0       100    0.00    2.00    0.00    1.00    2.00     0  kworker/0:2-xfs-conv/nvme1n1
06:44:57        0       122    0.00    1.00    0.00    0.00    1.00     2  kworker/2:1H-xfs-log/nvme1n1
06:44:57     1000      4243   36.00   12.00    0.00    0.00   48.00     2  java
06:44:57     1000      4251   86.00    4.00    0.00    0.00   90.00     1  java
06:44:57     1000      4265   30.00    4.00    0.00    0.00   34.00     2  java
06:44:57     1000      4797    1.00    1.00    0.00    0.00    2.00     0  pidstat
06:44:57     1000      4802  155.00    6.00    0.00    0.00  161.00     0  java

# Time        UID       PID    %usr %system  %guest   %wait    %CPU   CPU  Command
06:44:58        0        15    0.00    1.00    0.00    0.00    1.00     0  rcu_sched
06:44:58        0        37    0.00    1.00    0.00    1.00    1.00     3  kworker/3:0-xfs-conv/nvme1n1
06:44:58        0        46    0.00    2.00    0.00    1.00    2.00     2  kworker/u16:1-xfs-cil/nvme1n1
06:44:58        0        47    0.00    1.00    0.00    0.00    1.00     2  kworker/u16:2-writeback
06:44:58        0        66    0.00    1.00    0.00    0.00    1.00     3  kworker/3:1H-xfs-log/nvme1n1
06:44:58        0        81    0.00    1.00    0.00    0.00    1.00     1  kworker/1:1H-xfs-log/nvme1n1
06:44:58        0       155    0.00    2.00    0.00    0.00    2.00     1  kworker/1:2-xfs-conv/nvme1n1
06:44:58     1000      4243   55.00   10.00    0.00    0.00   65.00     2  java
06:44:58     1000      4251   54.00    6.00    0.00    0.00   60.00     1  java
06:44:58     1000      4265  109.00    9.00    0.00    0.00  118.00     2  java
06:44:58     1000      4802   82.00    6.00    0.00    0.00   88.00     0  java

# Time        UID       PID    %usr %system  %guest   %wait    %CPU   CPU  Command
06:44:59        0        57    0.00    1.00    0.00    0.00    1.00     2  kworker/2:1-xfs-conv/nvme1n1
06:44:59        0       122    0.00    1.00    0.00    0.00    1.00     2  kworker/2:1H-xfs-log/nvme1n1
06:44:59     1000      4243   88.00    7.00    0.00    0.00   95.00     2  java
06:44:59     1000      4251   80.00    4.00    0.00    0.00   84.00     1  java
06:44:59     1000      4265  116.00    2.00    0.00    0.00  118.00     2  java
06:44:59     1000      4802   26.00    7.00    0.00    0.00   33.00     0  java

# Time        UID       PID    %usr %system  %guest   %wait    %CPU   CPU  Command
06:45:00        0        46    0.00    1.00    0.00    1.00    1.00     2  kworker/u16:1-xfs-cil/nvme1n1
06:45:00        0       100    0.00    1.00    0.00    0.00    1.00     0  kworker/0:2-xfs-conv/nvme1n1
06:45:00     1000      4243  101.00    7.00    0.00    0.00  108.00     2  java
06:45:00     1000      4251   73.00    5.00    0.00    0.00   78.00     1  java
06:45:00     1000      4265  104.00    3.00    0.00    0.00  107.00     2  java
06:45:00     1000      4797    0.00    1.00    0.00    0.00    1.00     0  pidstat
06:45:00     1000      4802   38.00    5.00    0.00    0.00   43.00     0  java

# Time        UID       PID    %usr %system  %guest   %wait    %CPU   CPU  Command
06:45:01        0        37    0.00    1.00    0.00    0.00    1.00     3  kworker/3:0-xfs-conv/nvme1n1
06:45:01     1000      4243   95.00    6.00    0.00    0.00  101.00     2  java
06:45:01     1000      4251   81.00    5.00    0.00    0.00   86.00     1  java
06:45:01     1000      4265   89.00    3.00    0.00    0.00   92.00     2  java
06:45:01     1000      4802   35.00    7.00    0.00    0.00   42.00     0  java

# Time        UID       PID    %usr %system  %guest   %wait    %CPU   CPU  Command
06:45:02        0        46    0.00    1.00    0.00    0.00    1.00     0  kworker/u16:1-events_power_efficient
06:45:02     1000      4243   72.00    3.00    0.00    0.00   75.00     2  java
06:45:02     1000      4251   64.00    2.00    0.00    0.00   66.00     1  java
06:45:02     1000      4265   64.00    1.00    0.00    0.00   65.00     2  java
06:45:02     1000      4802    7.00    6.00    0.00    0.00   13.00     0  java

# Time        UID       PID    %usr %system  %guest   %wait    %CPU   CPU  Command
06:45:03        0        37    0.00    2.00    0.00    0.00    2.00     3  kworker/3:0-xfs-conv/nvme1n1
06:45:03        0        46    0.00    4.00    0.00    0.00    4.00     0  kworker/u16:1-events_power_efficient
06:45:03        0        47    0.00    2.00    0.00    0.00    2.00     2  kworker/u16:2-xfs-cil/nvme1n1
06:45:03        0        57    0.00    1.00    0.00    0.00    1.00     2  kworker/2:1-xfs-conv/nvme1n1
06:45:03        0        66    0.00    2.00    0.00    1.00    2.00     3  kworker/3:1H-xfs-log/nvme1n1
06:45:03        0        81    0.00    1.00    0.00    0.00    1.00     1  kworker/1:1H-xfs-log/nvme1n1
06:45:03        0        99    0.00    1.00    0.00    0.00    1.00     0  kworker/0:1H-xfs-log/nvme1n1
06:45:03        0       100    0.00    1.00    0.00    0.00    1.00     0  kworker/0:2-xfs-conv/nvme1n1
06:45:03        0       122    0.00    1.00    0.00    0.00    1.00     2  kworker/2:1H-xfs-log/nvme1n1
06:45:03        0       155    0.00    2.00    0.00    0.00    2.00     1  kworker/1:2-xfs-conv/nvme1n1
06:45:03     1000      4243    6.00   13.00    0.00    0.00   19.00     2  java
06:45:03     1000      4251    7.00    0.00    0.00    0.00    7.00     1  java
06:45:03     1000      4265   10.00    0.00    0.00    0.00   10.00     2  java
06:45:03     1000      4797    1.00    0.00    0.00    0.00    1.00     1  pidstat
06:45:03     1000      4802    1.00    0.00    0.00    0.00    1.00     0  java

# Time        UID       PID    %usr %system  %guest   %wait    %CPU   CPU  Command
06:45:04        0        37    0.00    1.00    0.00    0.00    1.00     3  kworker/3:0-xfs-conv/nvme1n1
06:45:04        0        47    0.00    2.00    0.00    0.00    2.00     3  kworker/u16:2-xfs-cil/nvme1n1
06:45:04        0        57    0.00    1.00    0.00    0.00    1.00     2  kworker/2:1-xfs-conv/nvme1n1
06:45:04        0        66    0.00    1.00    0.00    0.00    1.00     3  kworker/3:1H-xfs-log/nvme1n1
06:45:04        0       100    0.00    1.00    0.00    0.00    1.00     0  kworker/0:2-xfs-conv/nvme1n1
06:45:04     1000      4243   52.00    6.00    0.00    0.00   58.00     2  java
06:45:04     1000      4251   42.00    2.00    0.00    0.00   44.00     1  java
06:45:04     1000      4265   42.00    1.00    0.00    0.00   43.00     2  java
06:45:04     1000      4802   10.00    3.00    0.00    0.00   13.00     0  java

# Time        UID       PID    %usr %system  %guest   %wait    %CPU   CPU  Command
06:45:05        0        37    0.00    2.00    0.00    0.00    2.00     3  kworker/3:0-xfs-conv/nvme1n1
06:45:05        0        46    0.00    3.00    0.00    0.00    3.00     1  kworker/u16:1-events_power_efficient
06:45:05        0        47    0.00    3.00    0.00    0.00    3.00     3  kworker/u16:2-xfs-cil/nvme1n1
06:45:05        0        66    0.00    1.00    0.00    0.00    1.00     3  kworker/3:1H-xfs-log/nvme1n1
06:45:05        0        81    0.00    1.00    0.00    0.00    1.00     1  kworker/1:1H-xfs-log/nvme1n1
06:45:05        0        99    0.00    2.00    0.00    0.00    2.00     0  kworker/0:1H-xfs-log/nvme1n1
06:45:05        0       100    0.00    2.00    0.00    0.00    2.00     0  kworker/0:2-xfs-conv/nvme1n1
06:45:05        0       155    0.00    1.00    0.00    0.00    1.00     1  kworker/1:2-xfs-conv/nvme1n1
06:45:05     1000      4243   15.00    3.00    0.00    0.00   18.00     2  java
06:45:05     1000      4251   17.00   13.00    0.00    0.00   30.00     1  java
06:45:05     1000      4265   14.00    1.00    0.00    0.00   15.00     2  java
06:45:05     1000      4797    0.00    1.00    0.00    0.00    1.00     1  pidstat

# Time        UID       PID    %usr %system  %guest   %wait    %CPU   CPU  Command
06:45:06        0        37    0.00    1.00    0.00    0.00    1.00     3  kworker/3:0-xfs-conv/nvme1n1
06:45:06        0        46    0.00    2.00    0.00    0.00    2.00     2  kworker/u16:1-flush-259:1
06:45:06        0        47    0.00    1.00    0.00    0.00    1.00     0  kworker/u16:2-xfs-cil/nvme1n1
06:45:06        0        66    0.00    1.00    0.00    0.00    1.00     3  kworker/3:1H-xfs-log/nvme1n1
06:45:06        0        99    0.00    2.00    0.00    0.00    2.00     0  kworker/0:1H-xfs-log/nvme1n1
06:45:06        0       100    0.00    2.00    0.00    0.00    2.00     0  kworker/0:2-events
06:45:06        0       155    0.00    1.00    0.00    0.00    1.00     1  kworker/1:2-xfs-conv/nvme1n1
06:45:06     1000      4243   15.00    2.00    0.00    0.00   17.00     2  java
06:45:06     1000      4251   33.00   10.00    0.00    0.00   43.00     1  java
06:45:06     1000      4265   53.00    8.00    0.00    0.00   61.00     2  java
06:45:06     1000      4797    1.00    0.00    0.00    0.00    1.00     1  pidstat
06:45:06     1000      4802   24.00   13.00    0.00    0.00   37.00     0  java

# Time        UID       PID    %usr %system  %guest   %wait    %CPU   CPU  Command
06:45:07     1000      4243   28.00    2.00    0.00    0.00   30.00     2  java
06:45:07     1000      4251   42.00    2.00    0.00    0.00   44.00     1  java
06:45:07     1000      4265  108.00   22.00    0.00    0.00  130.00     2  java
06:45:07     1000      4802   59.00   40.00    0.00    0.00   99.00     0  java

# Time        UID       PID    %usr %system  %guest   %wait    %CPU   CPU  Command
06:45:08        0        57    0.00    1.00    0.00    0.00    1.00     2  kworker/2:1-events
06:45:08     1000      4243   31.00    3.00    0.00    0.00   34.00     2  java
06:45:08     1000      4251   24.00    1.00    0.00    0.00   25.00     1  java
06:45:08     1000      4265   45.00    2.00    0.00    0.00   47.00     2  java
06:45:08     1000      4802    6.00    2.00    0.00    0.00    8.00     0  java
