Linux 6.17.0-1019-aws (ip-172-31-34-148) 	07/23/26 	_x86_64_	(4 CPU)

# Time        UID       PID    %usr %system  %guest   %wait    %CPU   CPU  Command
06:45:10        0       122    0.00    1.00    0.00    0.00    1.00     2  kworker/2:1H-xfs-log/nvme1n1
06:45:10     1000      4243   18.00    1.00    0.00    0.00   19.00     2  java
06:45:10     1000      4251   37.00    6.00    0.00    0.00   43.00     1  java
06:45:10     1000      4265   20.00    1.00    0.00    0.00   21.00     2  java
06:45:10     1000      5179  171.00   22.00    0.00    0.00  193.00     1  java

# Time        UID       PID    %usr %system  %guest   %wait    %CPU   CPU  Command
06:45:11     1000      4243   28.00    1.00    0.00    0.00   29.00     2  java
06:45:11     1000      4251   37.00   16.00    0.00    0.00   53.00     1  java
06:45:11     1000      4265   33.00    0.00    0.00    0.00   33.00     2  java
06:45:11     1000      5170    0.00    1.00    0.00    3.00    1.00     3  pidstat
06:45:11     1000      5179  229.00   36.00    0.00    0.00  265.00     1  java

# Time        UID       PID    %usr %system  %guest   %wait    %CPU   CPU  Command
06:45:12        0        47    0.00    1.00    0.00    0.00    1.00     1  kworker/u16:2-xfs-cil/nvme1n1
06:45:12        0        78    0.00    1.00    0.00    0.00    1.00     1  kworker/u16:4-events_power_efficient
06:45:12        0        81    0.00    1.00    0.00    0.00    1.00     1  kworker/1:1H-xfs-log/nvme1n1
06:45:12     1000      4243   37.00    2.00    0.00    0.00   39.00     2  java
06:45:12     1000      4251   41.00    2.00    0.00    0.00   43.00     1  java
06:45:12     1000      4265   49.00    3.00    0.00    0.00   52.00     2  java
06:45:12     1000      5179  114.00   10.00    0.00    0.00  124.00     1  java
06:45:12        0      5525    1.00    0.00    0.00    0.00    1.00     1  sshd

# Time        UID       PID    %usr %system  %guest   %wait    %CPU   CPU  Command
06:45:13        0       100    0.00    1.00    0.00    0.00    1.00     0  kworker/0:2-xfs-conv/nvme1n1
06:45:13     1000      4243   78.00    1.00    0.00    0.00   79.00     2  java
06:45:13     1000      4251  100.00    4.00    0.00    0.00  104.00     1  java
06:45:13     1000      4265   75.00    1.00    0.00    0.00   76.00     2  java
06:45:13     1000      5179   78.00    7.00    0.00    0.00   85.00     1  java

# Time        UID       PID    %usr %system  %guest   %wait    %CPU   CPU  Command
06:45:14     1000      4243   40.00    1.00    0.00    0.00   41.00     2  java
06:45:14     1000      4251   45.00   11.00    0.00    0.00   56.00     1  java
06:45:14     1000      4265   36.00    2.00    0.00    0.00   38.00     2  java
06:45:14     1000      5170    1.00    1.00    0.00    1.00    2.00     3  pidstat
06:45:14     1000      5179   92.00   20.00    0.00    0.00  112.00     1  java

# Time        UID       PID    %usr %system  %guest   %wait    %CPU   CPU  Command
06:45:15        0       155    0.00    0.99    0.00    0.00    0.99     1  kworker/1:2-xfs-conv/nvme1n1
06:45:15     1000      4243   34.65    1.98    0.00    0.00   36.63     2  java
06:45:15     1000      4251   54.46   19.80    0.00    0.00   74.26     1  java
06:45:15     1000      4265   34.65    0.99    0.00    0.00   35.64     2  java
06:45:15     1000      5179  178.22   51.49    0.00    0.00  229.70     1  java

# Time        UID       PID    %usr %system  %guest   %wait    %CPU   CPU  Command
06:45:16        0        37    0.00    2.00    0.00    0.00    2.00     3  kworker/3:0-xfs-conv/nvme1n1
06:45:16        0        47    0.00    1.00    0.00    0.00    1.00     3  kworker/u16:2-xfs-cil/nvme1n1
06:45:16        0        57    0.00    2.00    0.00    0.00    2.00     2  kworker/2:1-xfs-conv/nvme1n1
06:45:16        0        66    0.00    1.00    0.00    0.00    1.00     3  kworker/3:1H-xfs-log/nvme1n1
06:45:16        0        78    0.00    2.00    0.00    1.00    2.00     0  kworker/u16:4-writeback
06:45:16        0       100    0.00    1.00    0.00    0.00    1.00     0  kworker/0:2-xfs-conv/nvme1n1
06:45:16        0       122    0.00    1.00    0.00    0.00    1.00     2  kworker/2:1H-xfs-log/nvme1n1
06:45:16     1000      4243   21.00    8.00    0.00    0.00   29.00     2  java
06:45:16     1000      4251   41.00    7.00    0.00    0.00   48.00     1  java
06:45:16     1000      4265   81.00   10.00    0.00    0.00   91.00     2  java
06:45:16     1000      5179  145.00   21.00    0.00    0.00  166.00     1  java

# Time        UID       PID    %usr %system  %guest   %wait    %CPU   CPU  Command
06:45:17        0        47    0.00    2.00    0.00    1.00    2.00     0  kworker/u16:2-flush-259:1
06:45:17        0        57    0.00    1.00    0.00    1.00    1.00     2  kworker/2:1-events
06:45:17        0        99    0.00    1.00    0.00    0.00    1.00     0  kworker/0:1H-xfs-log/nvme1n1
06:45:17     1000      4243   36.00    2.00    0.00    0.00   38.00     2  java
06:45:17     1000      4251   78.00    5.00    0.00    0.00   83.00     1  java
06:45:17     1000      4265   91.00    7.00    0.00    0.00   98.00     2  java
06:45:17     1000      5170    0.00    1.00    0.00    0.00    1.00     1  pidstat
06:45:17     1000      5179   48.00    4.00    0.00    0.00   52.00     1  java

# Time        UID       PID    %usr %system  %guest   %wait    %CPU   CPU  Command
06:45:18        0       100    0.00    1.00    0.00    0.00    1.00     0  kworker/0:2-xfs-conv/nvme1n1
06:45:18        0       122    0.00    1.00    0.00    0.00    1.00     2  kworker/2:1H-xfs-log/nvme1n1
06:45:18        0       381    0.00    1.00    0.00    0.00    1.00     2  kworker/u16:5-xfs-cil/nvme1n1
06:45:18     1000      4243   56.00    1.00    0.00    0.00   57.00     2  java
06:45:18     1000      4251   41.00   16.00    0.00    0.00   57.00     1  java
06:45:18     1000      4265   39.00    2.00    0.00    0.00   41.00     2  java
06:45:18     1000      5179   44.00   21.00    0.00    0.00   65.00     1  java

# Time        UID       PID    %usr %system  %guest   %wait    %CPU   CPU  Command
06:45:19        0        37    0.00    1.00    0.00    0.00    1.00     3  kworker/3:0-mm_percpu_wq
06:45:19        0        47    0.00    1.00    0.00    0.00    1.00     3  kworker/u16:2-xfs-cil/nvme1n1
06:45:19        0        81    0.00    1.00    0.00    0.00    1.00     1  kworker/1:1H-xfs-log/nvme1n1
06:45:19        0       155    0.00    1.00    0.00    0.00    1.00     1  kworker/1:2-xfs-conv/nvme1n1
06:45:19        0       381    0.00    1.00    0.00    1.00    1.00     2  kworker/u16:5-xfs-cil/nvme1n1
06:45:19     1000      4243   82.00    2.00    0.00    0.00   84.00     2  java
06:45:19     1000      4251   74.00    6.00    0.00    0.00   80.00     1  java
06:45:19     1000      4265   74.00    4.00    0.00    0.00   78.00     2  java
06:45:19     1000      5179   10.00    6.00    0.00    0.00   16.00     1  java

# Time        UID       PID    %usr %system  %guest   %wait    %CPU   CPU  Command
06:45:20        0        57    0.00    1.00    0.00    0.00    1.00     2  kworker/2:1-events
06:45:20        0        66    0.00    1.00    0.00    0.00    1.00     3  kworker/3:1H-xfs-log/nvme1n1
06:45:20        0        78    0.00    3.00    0.00    0.00    3.00     2  kworker/u16:4-xfs-cil/nvme1n1
06:45:20        0        99    0.00    1.00    0.00    0.00    1.00     0  kworker/0:1H-xfs-log/nvme1n1
06:45:20        0       100    0.00    1.00    0.00    0.00    1.00     0  kworker/0:2-xfs-conv/nvme1n1
06:45:20        0       155    0.00    1.00    0.00    0.00    1.00     1  kworker/1:2-xfs-conv/nvme1n1
06:45:20     1000      4243   85.00    1.00    0.00    0.00   86.00     2  java
06:45:20     1000      4251   51.00    2.00    0.00    0.00   53.00     1  java
06:45:20     1000      4265   44.00    7.00    0.00    0.00   51.00     2  java
06:45:20     1000      5170    0.00    1.00    0.00    0.00    1.00     1  pidstat
06:45:20     1000      5179    5.00    1.00    0.00    0.00    6.00     1  java

# Time        UID       PID    %usr %system  %guest   %wait    %CPU   CPU  Command
06:45:21        0        37    0.00    2.00    0.00    0.00    2.00     3  kworker/3:0-xfs-conv/nvme1n1
06:45:21        0        66    0.00    1.00    0.00    0.00    1.00     3  kworker/3:1H-xfs-log/nvme1n1
06:45:21        0        78    0.00    2.00    0.00    1.00    2.00     2  kworker/u16:4-xfs-cil/nvme1n1
06:45:21        0        81    0.00    1.00    0.00    0.00    1.00     1  kworker/1:1H-xfs-log/nvme1n1
06:45:21        0       100    0.00    1.00    0.00    1.00    1.00     0  kworker/0:2-xfs-conv/nvme1n1
06:45:21        0       155    0.00    1.00    0.00    1.00    1.00     1  kworker/1:2-xfs-conv/nvme1n1
06:45:21     1000      4243  102.00   15.00    0.00    0.00  117.00     2  java
06:45:21     1000      4251   44.00    5.00    0.00    0.00   49.00     1  java
06:45:21     1000      4265   35.00    4.00    0.00    0.00   39.00     2  java
06:45:21     1000      5170    1.00    0.00    0.00    1.00    1.00     1  pidstat
06:45:21     1000      5179   56.00   28.00    0.00    0.00   84.00     1  java

# Time        UID       PID    %usr %system  %guest   %wait    %CPU   CPU  Command
06:45:22        0        37    0.00    1.00    0.00    0.00    1.00     3  kworker/3:0-mm_percpu_wq
06:45:22        0        57    0.00    1.00    0.00    0.00    1.00     2  kworker/2:1-xfs-conv/nvme1n1
06:45:22        0        78    0.00    2.00    0.00    0.00    2.00     3  kworker/u16:4-flush-259:0
06:45:22        0       122    0.00    1.00    0.00    0.00    1.00     2  kworker/2:1H-xfs-log/nvme1n1
06:45:22     1000      4243   53.00    4.00    0.00    0.00   57.00     2  java
06:45:22     1000      4251   52.00    1.00    0.00    0.00   53.00     1  java
06:45:22     1000      4265   50.00    3.00    0.00    0.00   53.00     2  java
06:45:22     1000      5179   37.00    7.00    0.00    0.00   44.00     1  java

# Time        UID       PID    %usr %system  %guest   %wait    %CPU   CPU  Command
06:45:23     1000      4243   39.00    2.00    0.00    0.00   41.00     2  java
06:45:23     1000      4251   33.00    2.00    0.00    0.00   35.00     1  java
06:45:23     1000      4265   55.00   18.00    0.00    0.00   73.00     2  java
06:45:23     1000      5179   45.00   37.00    0.00    0.00   82.00     1  java

# Time        UID       PID    %usr %system  %guest   %wait    %CPU   CPU  Command
06:45:24        0        37    0.00    1.00    0.00    1.00    1.00     3  kworker/3:0-xfs-conv/nvme1n1
06:45:24        0        57    0.00    1.00    0.00    0.00    1.00     2  kworker/2:1-xfs-conv/nvme1n1
06:45:24        0        66    0.00    1.00    0.00    0.00    1.00     3  kworker/3:1H-xfs-log/nvme1n1
06:45:24        0        78    0.00    4.00    0.00    0.00    4.00     1  kworker/u16:4-xfs-cil/nvme1n1
06:45:24        0        99    0.00    2.00    0.00    0.00    2.00     0  kworker/0:1H-xfs-log/nvme1n1
06:45:24        0       100    0.00    2.00    0.00    0.00    2.00     0  kworker/0:2-xfs-conv/nvme1n1
06:45:24        0       122    0.00    1.00    0.00    0.00    1.00     2  kworker/2:1H-xfs-log/nvme1n1
06:45:24        0       155    0.00    1.00    0.00    0.00    1.00     1  kworker/1:2-xfs-conv/nvme1n1
06:45:24     1000      4243   19.00    2.00    0.00    0.00   21.00     2  java
06:45:24     1000      4251   24.00    2.00    0.00    0.00   26.00     1  java
06:45:24     1000      4265   27.00    9.00    0.00    0.00   36.00     2  java
06:45:24     1000      5170    0.00    1.00    0.00    0.00    1.00     1  pidstat
06:45:24     1000      5179    4.00    3.00    0.00    0.00    7.00     1  java

# Time        UID       PID    %usr %system  %guest   %wait    %CPU   CPU  Command
06:45:25     1000      4243   89.00    1.00    0.00    0.00   90.00     2  java
06:45:25     1000      4251   96.00    4.00    0.00    0.00  100.00     1  java
06:45:25     1000      4265   95.00    2.00    0.00    0.00   97.00     2  java
06:45:25     1000      5179    9.00    7.00    0.00    0.00   16.00     1  java

# Time        UID       PID    %usr %system  %guest   %wait    %CPU   CPU  Command
06:45:26     1000      4243   43.00    0.00    0.00    0.00   43.00     2  java
06:45:26     1000      4251   49.00    3.00    0.00    0.00   52.00     1  java
06:45:26     1000      4265   33.00    1.00    0.00    0.00   34.00     2  java
06:45:26     1000      5179    4.00    2.00    0.00    0.00    6.00     1  java

# Time        UID       PID    %usr %system  %guest   %wait    %CPU   CPU  Command
06:45:27        0        37    0.00    1.00    0.00    0.00    1.00     3  kworker/3:0-xfs-conv/nvme1n1
06:45:27        0        47    0.00    1.00    0.00    0.00    1.00     2  kworker/u16:2-flush-259:1
06:45:27        0        57    0.00    1.00    0.00    0.00    1.00     2  kworker/2:1-xfs-conv/nvme1n1
06:45:27        0        66    0.00    1.00    0.00    0.00    1.00     3  kworker/3:1H-xfs-log/nvme1n1
06:45:27        0        78    0.00    2.00    0.00    0.00    2.00     1  kworker/u16:4-xfs-cil/nvme1n1
06:45:27        0        81    0.00    1.00    0.00    0.00    1.00     1  kworker/1:1H-xfs-log/nvme1n1
06:45:27        0       155    0.00    1.00    0.00    1.00    1.00     1  kworker/1:2-events
06:45:27        0       381    0.00    1.00    0.00    0.00    1.00     1  kworker/u16:5-xfs-cil/nvme1n1
06:45:27     1000      4243   44.00    3.00    0.00    0.00   47.00     2  java
06:45:27     1000      4251   31.00   22.00    0.00    0.00   53.00     1  java
06:45:27     1000      4265   39.00    1.00    0.00    0.00   40.00     2  java
06:45:27     1000      5179   73.00   39.00    0.00    0.00  112.00     1  java

# Time        UID       PID    %usr %system  %guest   %wait    %CPU   CPU  Command
06:45:28        0        37    0.00    1.00    0.00    0.00    1.00     3  kworker/3:0-xfs-conv/nvme1n1
06:45:28        0        57    0.00    1.00    0.00    0.00    1.00     2  kworker/2:1-xfs-conv/nvme1n1
06:45:28        0        78    0.00    4.00    0.00    1.00    4.00     0  kworker/u16:4-kvfree_rcu_reclaim
06:45:28        0        81    0.00    1.00    0.00    1.00    1.00     1  kworker/1:1H-xfs-log/nvme1n1
06:45:28        0        99    0.00    1.00    0.00    1.00    1.00     0  kworker/0:1H-xfs-log/nvme1n1
06:45:28        0       100    0.00    2.00    0.00    0.00    2.00     0  kworker/0:2-xfs-conv/nvme1n1
06:45:28        0       122    0.00    1.00    0.00    0.00    1.00     2  kworker/2:1H-xfs-log/nvme1n1
06:45:28        0       155    0.00    1.00    0.00    0.00    1.00     1  kworker/1:2-xfs-reclaim/nvme1n1
06:45:28     1000      4243   48.00   16.00    0.00    0.00   64.00     2  java
06:45:28     1000      4251   27.00   10.00    0.00    0.00   37.00     1  java
06:45:28     1000      4265   38.00   11.00    0.00    0.00   49.00     2  java
06:45:28     1000      5179   62.00   35.00    0.00    0.00   97.00     1  java

# Time        UID       PID    %usr %system  %guest   %wait    %CPU   CPU  Command
06:45:29        0        37    0.00    1.00    0.00    1.00    1.00     3  kworker/3:0-xfs-conv/nvme1n1
06:45:29        0        57    0.00    1.00    0.00    0.00    1.00     2  kworker/2:1-xfs-conv/nvme1n1
06:45:29        0        66    0.00    1.00    0.00    0.00    1.00     3  kworker/3:1H-xfs-log/nvme1n1
06:45:29        0        78    0.00    2.00    0.00    0.00    2.00     2  kworker/u16:4-writeback
06:45:29        0        81    0.00    1.00    0.00    0.00    1.00     1  kworker/1:1H-xfs-log/nvme1n1
06:45:29        0       155    0.00    2.00    0.00    1.00    2.00     1  kworker/1:2-xfs-conv/nvme1n1
06:45:29        0       381    0.00    2.00    0.00    0.00    2.00     0  kworker/u16:5-xfs-cil/nvme1n1
06:45:29     1000      4243   44.00    8.00    0.00    0.00   52.00     2  java
06:45:29     1000      4251   48.00    1.00    0.00    0.00   49.00     1  java
06:45:29     1000      4265   43.00    4.00    0.00    0.00   47.00     2  java
06:45:29     1000      5170    0.00    1.00    0.00    0.00    1.00     3  pidstat
06:45:29     1000      5179    8.00    5.00    0.00    0.00   13.00     1  java
