Linux 7.0.0-1006-aws (ip-172-31-28-187) 	06/20/26 	_x86_64_	(16 CPU)

19:34:27     CPU    %usr   %nice    %sys %iowait    %irq   %soft  %steal  %guest  %gnice   %idle
19:34:28     all   34.74    0.00    3.98    0.19    0.00    0.06    0.00    0.00    0.00   61.02
19:34:28       0   33.33    0.00    3.03    0.00    0.00    0.00    0.00    0.00    0.00   63.64
19:34:28       1   47.00    0.00    2.00    0.00    0.00    1.00    0.00    0.00    0.00   50.00
19:34:28       2   31.63    0.00    2.04    0.00    0.00    0.00    0.00    0.00    0.00   66.33
19:34:28       3   28.00    0.00    3.00    1.00    0.00    0.00    0.00    0.00    0.00   68.00
19:34:28       4   44.90    0.00   16.33    0.00    0.00    0.00    0.00    0.00    0.00   38.78
19:34:28       5   32.00    0.00    2.00    1.00    0.00    0.00    0.00    0.00    0.00   65.00
19:34:28       6   28.00    0.00   14.00    0.00    0.00    0.00    0.00    0.00    0.00   58.00
19:34:28       7   36.73    0.00    2.04    0.00    0.00    0.00    0.00    0.00    0.00   61.22
19:34:28       8   34.34    0.00    2.02    0.00    0.00    0.00    0.00    0.00    0.00   63.64
19:34:28       9   33.67    0.00    2.04    0.00    0.00    0.00    0.00    0.00    0.00   64.29
19:34:28      10   36.00    0.00    2.00    0.00    0.00    0.00    0.00    0.00    0.00   62.00
19:34:28      11   32.29    0.00    2.08    0.00    0.00    0.00    0.00    0.00    0.00   65.62
19:34:28      12   35.35    0.00    3.03    0.00    0.00    0.00    0.00    0.00    0.00   61.62
19:34:28      13   35.00    0.00    4.00    0.00    0.00    0.00    0.00    0.00    0.00   61.00
19:34:28      14   35.71    0.00    2.04    0.00    0.00    0.00    0.00    0.00    0.00   62.24
19:34:28      15   32.00    0.00    2.00    1.00    0.00    0.00    0.00    0.00    0.00   65.00

19:34:28     CPU    %usr   %nice    %sys %iowait    %irq   %soft  %steal  %guest  %gnice   %idle
19:34:29     all   23.05    0.00    1.95    0.38    0.00    0.13    0.00    0.00    0.00   74.50
19:34:29       0   22.00    0.00    2.00    1.00    0.00    1.00    0.00    0.00    0.00   74.00
19:34:29       1   19.80    0.00    1.98    0.99    0.00    0.00    0.00    0.00    0.00   77.23
19:34:29       2   27.55    0.00    2.04    0.00    0.00    0.00    0.00    0.00    0.00   70.41
19:34:29       3   21.21    0.00    2.02    0.00    0.00    0.00    0.00    0.00    0.00   76.77
19:34:29       4   16.16    0.00    2.02    0.00    0.00    0.00    0.00    0.00    0.00   81.82
19:34:29       5   18.37    0.00    2.04    0.00    0.00    0.00    0.00    0.00    0.00   79.59
19:34:29       6   30.30    0.00    1.01    1.01    0.00    0.00    0.00    0.00    0.00   67.68
19:34:29       7   29.29    0.00    2.02    0.00    0.00    0.00    0.00    0.00    0.00   68.69
19:34:29       8   25.00    0.00    2.00    0.00    0.00    0.00    0.00    0.00    0.00   73.00
19:34:29       9   25.00    0.00    1.00    0.00    0.00    0.00    0.00    0.00    0.00   74.00
19:34:29      10   21.21    0.00    1.01    0.00    0.00    0.00    0.00    0.00    0.00   77.78
19:34:29      11   16.16    0.00    3.03    1.01    0.00    0.00    0.00    0.00    0.00   79.80
19:34:29      12   21.00    0.00    2.00    0.00    0.00    0.00    0.00    0.00    0.00   77.00
19:34:29      13   23.23    0.00    2.02    2.02    0.00    0.00    0.00    0.00    0.00   72.73
19:34:29      14   29.29    0.00    2.02    0.00    0.00    0.00    0.00    0.00    0.00   68.69
19:34:29      15   23.23    0.00    3.03    0.00    0.00    1.01    0.00    0.00    0.00   72.73

19:34:29     CPU    %usr   %nice    %sys %iowait    %irq   %soft  %steal  %guest  %gnice   %idle
19:34:30     all   13.97    0.00    1.52    0.88    0.00    0.00    0.00    0.00    0.00   83.63
19:34:30       0   13.13    0.00    2.02    0.00    0.00    0.00    0.00    0.00    0.00   84.85
19:34:30       1   10.42    0.00    2.08    3.12    0.00    0.00    0.00    0.00    0.00   84.38
19:34:30       2   13.00    0.00    2.00    0.00    0.00    0.00    0.00    0.00    0.00   85.00
19:34:30       3    9.18    0.00    1.02    0.00    0.00    0.00    0.00    0.00    0.00   89.80
19:34:30       4   30.61    0.00    1.02    1.02    0.00    0.00    0.00    0.00    0.00   67.35
19:34:30       5   12.24    0.00    1.02    1.02    0.00    0.00    0.00    0.00    0.00   85.71
19:34:30       6   24.49    0.00    3.06    3.06    0.00    0.00    0.00    0.00    0.00   69.39
19:34:30       7    7.07    0.00    1.01    0.00    0.00    0.00    0.00    0.00    0.00   91.92
19:34:30       8   18.18    0.00    1.01    0.00    0.00    0.00    0.00    0.00    0.00   80.81
19:34:30       9   17.00    0.00    3.00    6.00    0.00    0.00    0.00    0.00    0.00   74.00
19:34:30      10    3.06    0.00    1.02    0.00    0.00    0.00    0.00    0.00    0.00   95.92
19:34:30      11    7.00    0.00    1.00    0.00    0.00    0.00    0.00    0.00    0.00   92.00
19:34:30      12    5.00    0.00    1.00    0.00    0.00    0.00    0.00    0.00    0.00   94.00
19:34:30      13   26.26    0.00    1.01    0.00    0.00    0.00    0.00    0.00    0.00   72.73
19:34:30      14   11.11    0.00    1.01    0.00    0.00    0.00    0.00    0.00    0.00   87.88
19:34:30      15   15.84    0.00    1.98    0.00    0.00    0.00    0.00    0.00    0.00   82.18

19:34:30     CPU    %usr   %nice    %sys %iowait    %irq   %soft  %steal  %guest  %gnice   %idle
19:34:31     all   22.57    0.00    1.70    0.32    0.00    0.06    0.00    0.00    0.00   75.35
19:34:31       0   13.13    0.00    2.02    0.00    0.00    0.00    0.00    0.00    0.00   84.85
19:34:31       1   25.00    0.00    1.00    1.00    0.00    0.00    0.00    0.00    0.00   73.00
19:34:31       2   37.37    0.00    2.02    0.00    0.00    0.00    0.00    0.00    0.00   60.61
19:34:31       3   23.00    0.00    2.00    0.00    0.00    0.00    0.00    0.00    0.00   75.00
19:34:31       4   17.17    0.00    2.02    0.00    0.00    0.00    0.00    0.00    0.00   80.81
19:34:31       5   19.80    0.00    2.97    0.00    0.00    0.00    0.00    0.00    0.00   77.23
19:34:31       6   25.25    0.00    2.02    0.00    0.00    0.00    0.00    0.00    0.00   72.73
19:34:31       7   35.35    0.00    2.02    0.00    0.00    0.00    0.00    0.00    0.00   62.63
19:34:31       8   16.16    0.00    1.01    1.01    0.00    1.01    0.00    0.00    0.00   80.81
19:34:31       9   13.27    0.00    1.02    0.00    0.00    0.00    0.00    0.00    0.00   85.71
19:34:31      10   31.31    0.00    2.02    0.00    0.00    0.00    0.00    0.00    0.00   66.67
19:34:31      11   13.13    0.00    1.01    1.01    0.00    0.00    0.00    0.00    0.00   84.85
19:34:31      12   39.39    0.00    2.02    0.00    0.00    0.00    0.00    0.00    0.00   58.59
19:34:31      13   14.29    0.00    1.02    0.00    0.00    0.00    0.00    0.00    0.00   84.69
19:34:31      14   13.13    0.00    2.02    1.01    0.00    0.00    0.00    0.00    0.00   83.84
19:34:31      15   24.24    0.00    1.01    1.01    0.00    0.00    0.00    0.00    0.00   73.74

19:34:31     CPU    %usr   %nice    %sys %iowait    %irq   %soft  %steal  %guest  %gnice   %idle
19:34:32     all   12.32    0.00    1.52    1.58    0.00    0.19    0.00    0.00    0.00   84.40
19:34:32       0   17.35    0.00    1.02    0.00    0.00    0.00    0.00    0.00    0.00   81.63
19:34:32       1    7.07    0.00    1.01    0.00    0.00    0.00    0.00    0.00    0.00   91.92
19:34:32       2   11.11    0.00    2.02    1.01    0.00    0.00    0.00    0.00    0.00   85.86
19:34:32       3   10.10    0.00    3.03    4.04    0.00    1.01    0.00    0.00    0.00   81.82
19:34:32       4    8.08    0.00    3.03    8.08    0.00    0.00    0.00    0.00    0.00   80.81
19:34:32       5   12.24    0.00    0.00    0.00    0.00    0.00    0.00    0.00    0.00   87.76
19:34:32       6   11.11    0.00    1.01    0.00    0.00    0.00    0.00    0.00    0.00   87.88
19:34:32       7    9.00    0.00    1.00    0.00    0.00    0.00    0.00    0.00    0.00   90.00
19:34:32       8   11.34    0.00    2.06    2.06    0.00    0.00    0.00    0.00    0.00   84.54
19:34:32       9   17.35    0.00    1.02    0.00    0.00    0.00    0.00    0.00    0.00   81.63
19:34:32      10   12.87    0.00    1.98    4.95    0.00    0.99    0.00    0.00    0.00   79.21
19:34:32      11    8.00    0.00    2.00    1.00    0.00    1.00    0.00    0.00    0.00   88.00
19:34:32      12   21.00    0.00    1.00    1.00    0.00    0.00    0.00    0.00    0.00   77.00
19:34:32      13   11.22    0.00    2.04    2.04    0.00    0.00    0.00    0.00    0.00   84.69
19:34:32      14   11.11    0.00    1.01    1.01    0.00    0.00    0.00    0.00    0.00   86.87
19:34:32      15   18.18    0.00    1.01    0.00    0.00    0.00    0.00    0.00    0.00   80.81

19:34:32     CPU    %usr   %nice    %sys %iowait    %irq   %soft  %steal  %guest  %gnice   %idle
19:34:33     all   14.01    0.00    1.26    0.63    0.00    0.00    0.00    0.00    0.00   84.10
19:34:33       0   13.13    0.00    1.01    0.00    0.00    0.00    0.00    0.00    0.00   85.86
19:34:33       1   11.11    0.00    2.02    0.00    0.00    0.00    0.00    0.00    0.00   86.87
19:34:33       2   14.14    0.00    1.01    1.01    0.00    0.00    0.00    0.00    0.00   83.84
19:34:33       3   13.13    0.00    0.00    0.00    0.00    0.00    0.00    0.00    0.00   86.87
19:34:33       4   20.00    0.00    1.00    0.00    0.00    0.00    0.00    0.00    0.00   79.00
19:34:33       5   15.84    0.00    1.98    0.00    0.00    0.00    0.00    0.00    0.00   82.18
19:34:33       6   14.29    0.00    1.02    0.00    0.00    0.00    0.00    0.00    0.00   84.69
19:34:33       7   13.27    0.00    1.02    1.02    0.00    0.00    0.00    0.00    0.00   84.69
19:34:33       8   15.15    0.00    2.02    2.02    0.00    0.00    0.00    0.00    0.00   80.81
19:34:33       9    8.00    0.00    2.00    2.00    0.00    0.00    0.00    0.00    0.00   88.00
19:34:33      10    5.15    0.00    1.03    3.09    0.00    0.00    0.00    0.00    0.00   90.72
19:34:33      11   13.13    0.00    1.01    0.00    0.00    0.00    0.00    0.00    0.00   85.86
19:34:33      12   16.33    0.00    1.02    0.00    0.00    0.00    0.00    0.00    0.00   82.65
19:34:33      13   32.00    0.00    1.00    0.00    0.00    0.00    0.00    0.00    0.00   67.00
19:34:33      14    8.08    0.00    2.02    1.01    0.00    0.00    0.00    0.00    0.00   88.89
19:34:33      15   11.00    0.00    1.00    0.00    0.00    0.00    0.00    0.00    0.00   88.00

19:34:33     CPU    %usr   %nice    %sys %iowait    %irq   %soft  %steal  %guest  %gnice   %idle
19:34:34     all    5.19    0.00    1.00    1.00    0.00    0.00    0.00    0.00    0.00   92.81
19:34:34       0    3.00    0.00    1.00    0.00    0.00    0.00    0.00    0.00    0.00   96.00
19:34:34       1    1.00    0.00    1.00    1.00    0.00    0.00    0.00    0.00    0.00   97.00
19:34:34       2    3.00    0.00    2.00    3.00    0.00    0.00    0.00    0.00    0.00   92.00
19:34:34       3   10.10    0.00    1.01    2.02    0.00    0.00    0.00    0.00    0.00   86.87
19:34:34       4    4.00    0.00    3.00    4.00    0.00    0.00    0.00    0.00    0.00   89.00
19:34:34       5    6.00    0.00    1.00    0.00    0.00    0.00    0.00    0.00    0.00   93.00
19:34:34       6   10.00    0.00    0.00    0.00    0.00    0.00    0.00    0.00    0.00   90.00
19:34:34       7    3.96    0.00    0.00    0.00    0.00    0.00    0.00    0.00    0.00   96.04
19:34:34       8    3.03    0.00    3.03    5.05    0.00    0.00    0.00    0.00    0.00   88.89
19:34:34       9    8.00    0.00    0.00    0.00    0.00    0.00    0.00    0.00    0.00   92.00
19:34:34      10    8.00    0.00    1.00    0.00    0.00    0.00    0.00    0.00    0.00   91.00
19:34:34      11    3.00    0.00    1.00    1.00    0.00    0.00    0.00    0.00    0.00   95.00
19:34:34      12    6.00    0.00    0.00    0.00    0.00    0.00    0.00    0.00    0.00   94.00
19:34:34      13    6.00    0.00    1.00    0.00    0.00    0.00    0.00    0.00    0.00   93.00
19:34:34      14    7.00    0.00    0.00    0.00    0.00    0.00    0.00    0.00    0.00   93.00
19:34:34      15    1.00    0.00    1.00    0.00    0.00    0.00    0.00    0.00    0.00   98.00

19:34:34     CPU    %usr   %nice    %sys %iowait    %irq   %soft  %steal  %guest  %gnice   %idle
19:34:35     all   13.61    0.00    1.58    1.77    0.00    0.25    0.00    0.00    0.00   82.78
19:34:35       0   14.43    0.00    0.00    0.00    0.00    0.00    0.00    0.00    0.00   85.57
19:34:35       1   17.35    0.00    1.02    0.00    0.00    0.00    0.00    0.00    0.00   81.63
19:34:35       2   26.26    0.00    1.01    1.01    0.00    0.00    0.00    0.00    0.00   71.72
19:34:35       3   13.27    0.00    3.06    9.18    0.00    0.00    0.00    0.00    0.00   74.49
19:34:35       4   11.88    0.00    1.98    0.99    0.00    0.00    0.00    0.00    0.00   85.15
19:34:35       5    3.03    0.00    1.01    2.02    0.00    1.01    0.00    0.00    0.00   92.93
19:34:35       6   21.21    0.00    1.01    0.00    0.00    0.00    0.00    0.00    0.00   77.78
19:34:35       7    7.07    0.00    1.01    0.00    0.00    1.01    0.00    0.00    0.00   90.91
19:34:35       8   10.10    0.00    1.01    0.00    0.00    0.00    0.00    0.00    0.00   88.89
19:34:35       9   15.79    0.00    4.21    7.37    0.00    0.00    0.00    0.00    0.00   72.63
19:34:35      10   10.10    0.00    2.02    0.00    0.00    0.00    0.00    0.00    0.00   87.88
19:34:35      11   16.00    0.00    2.00    1.00    0.00    0.00    0.00    0.00    0.00   81.00
19:34:35      12    3.03    0.00    2.02    1.01    0.00    1.01    0.00    0.00    0.00   92.93
19:34:35      13   20.00    0.00    2.00    0.00    0.00    0.00    0.00    0.00    0.00   78.00
19:34:35      14   14.85    0.00    0.99    0.99    0.00    0.99    0.00    0.00    0.00   82.18
19:34:35      15   13.40    0.00    1.03    5.15    0.00    0.00    0.00    0.00    0.00   80.41

19:34:35     CPU    %usr   %nice    %sys %iowait    %irq   %soft  %steal  %guest  %gnice   %idle
19:34:36     all   12.01    0.00    1.07    1.52    0.00    0.06    0.00    0.00    0.00   85.34
19:34:36       0    6.06    0.00    2.02    2.02    0.00    0.00    0.00    0.00    0.00   89.90
19:34:36       1    9.28    0.00    1.03    3.09    0.00    0.00    0.00    0.00    0.00   86.60
19:34:36       2   17.53    0.00    2.06    3.09    0.00    0.00    0.00    0.00    0.00   77.32
19:34:36       3    1.01    0.00    1.01    1.01    0.00    0.00    0.00    0.00    0.00   96.97
19:34:36       4    5.10    0.00    0.00    0.00    0.00    0.00    0.00    0.00    0.00   94.90
19:34:36       5    7.07    0.00    1.01    0.00    0.00    0.00    0.00    0.00    0.00   91.92
19:34:36       6   16.83    0.00    0.00    0.00    0.00    0.99    0.00    0.00    0.00   82.18
19:34:36       7   28.00    0.00    1.00    0.00    0.00    0.00    0.00    0.00    0.00   71.00
19:34:36       8    3.06    0.00    1.02    1.02    0.00    0.00    0.00    0.00    0.00   94.90
19:34:36       9   21.21    0.00    1.01    0.00    0.00    0.00    0.00    0.00    0.00   77.78
19:34:36      10    7.07    0.00    0.00    0.00    0.00    0.00    0.00    0.00    0.00   92.93
19:34:36      11   32.32    0.00    0.00    2.02    0.00    0.00    0.00    0.00    0.00   65.66
19:34:36      12    2.04    0.00    2.04    7.14    0.00    0.00    0.00    0.00    0.00   88.78
19:34:36      13    4.00    0.00    1.00    1.00    0.00    0.00    0.00    0.00    0.00   94.00
19:34:36      14    8.08    0.00    2.02    1.01    0.00    0.00    0.00    0.00    0.00   88.89
19:34:36      15   23.00    0.00    2.00    3.00    0.00    0.00    0.00    0.00    0.00   72.00

19:34:36     CPU    %usr   %nice    %sys %iowait    %irq   %soft  %steal  %guest  %gnice   %idle
19:34:37     all   14.96    0.00    1.51    1.07    0.00    0.00    0.00    0.00    0.00   82.46
19:34:37       0   20.00    0.00    2.00    3.00    0.00    0.00    0.00    0.00    0.00   75.00
19:34:37       1   20.41    0.00    3.06    6.12    0.00    0.00    0.00    0.00    0.00   70.41
19:34:37       2    8.00    0.00    1.00    1.00    0.00    0.00    0.00    0.00    0.00   90.00
19:34:37       3    7.00    0.00    1.00    0.00    0.00    0.00    0.00    0.00    0.00   92.00
19:34:37       4   34.00    0.00    1.00    0.00    0.00    0.00    0.00    0.00    0.00   65.00
19:34:37       5   25.00    0.00    2.00    0.00    0.00    0.00    0.00    0.00    0.00   73.00
19:34:37       6    8.00    0.00    1.00    1.00    0.00    0.00    0.00    0.00    0.00   90.00
19:34:37       7   12.24    0.00    1.02    0.00    0.00    0.00    0.00    0.00    0.00   86.73
19:34:37       8   22.00    0.00    1.00    0.00    0.00    0.00    0.00    0.00    0.00   77.00
19:34:37       9   14.29    0.00    2.04    3.06    0.00    0.00    0.00    0.00    0.00   80.61
19:34:37      10    5.00    0.00    2.00    0.00    0.00    0.00    0.00    0.00    0.00   93.00
19:34:37      11    4.04    0.00    1.01    0.00    0.00    0.00    0.00    0.00    0.00   94.95
19:34:37      12   12.00    0.00    1.00    0.00    0.00    0.00    0.00    0.00    0.00   87.00
19:34:37      13   21.21    0.00    1.01    0.00    0.00    0.00    0.00    0.00    0.00   77.78
19:34:37      14   11.00    0.00    2.00    1.00    0.00    0.00    0.00    0.00    0.00   86.00
19:34:37      15   15.15    0.00    2.02    2.02    0.00    0.00    0.00    0.00    0.00   80.81

19:34:37     CPU    %usr   %nice    %sys %iowait    %irq   %soft  %steal  %guest  %gnice   %idle
19:34:38     all   10.47    0.00    1.32    1.89    0.00    0.13    0.00    0.00    0.00   86.18
19:34:38       0    4.04    0.00    0.00    0.00    0.00    1.01    0.00    0.00    0.00   94.95
19:34:38       1    2.00    0.00    1.00    1.00    0.00    0.00    0.00    0.00    0.00   96.00
19:34:38       2    4.08    0.00    1.02    2.04    0.00    1.02    0.00    0.00    0.00   91.84
19:34:38       3   26.26    0.00    1.01    0.00    0.00    0.00    0.00    0.00    0.00   72.73
19:34:38       4   19.19    0.00    1.01    0.00    0.00    0.00    0.00    0.00    0.00   79.80
19:34:38       5    8.91    0.00    0.99    0.99    0.00    0.00    0.00    0.00    0.00   89.11
19:34:38       6    4.08    0.00    2.04    1.02    0.00    0.00    0.00    0.00    0.00   92.86
19:34:38       7   11.00    0.00    2.00    0.00    0.00    0.00    0.00    0.00    0.00   87.00
19:34:38       8   11.46    0.00    3.12    5.21    0.00    0.00    0.00    0.00    0.00   80.21
19:34:38       9   12.87    0.00    0.99    0.00    0.00    0.00    0.00    0.00    0.00   86.14
19:34:38      10   12.00    0.00    0.00    1.00    0.00    0.00    0.00    0.00    0.00   87.00
19:34:38      11   10.31    0.00    1.03    6.19    0.00    0.00    0.00    0.00    0.00   82.47
19:34:38      12    7.07    0.00    2.02    3.03    0.00    0.00    0.00    0.00    0.00   87.88
19:34:38      13   16.83    0.00    0.99    0.00    0.00    0.00    0.00    0.00    0.00   82.18
19:34:38      14    6.06    0.00    2.02    6.06    0.00    0.00    0.00    0.00    0.00   85.86
19:34:38      15   11.22    0.00    2.04    4.08    0.00    0.00    0.00    0.00    0.00   82.65

19:34:38     CPU    %usr   %nice    %sys %iowait    %irq   %soft  %steal  %guest  %gnice   %idle
19:34:39     all   12.31    0.00    1.63    1.26    0.00    0.13    0.00    0.00    0.00   84.67
19:34:39       0    3.03    0.00    2.02    0.00    0.00    0.00    0.00    0.00    0.00   94.95
19:34:39       1   22.00    0.00    1.00    0.00    0.00    0.00    0.00    0.00    0.00   77.00
19:34:39       2    7.92    0.00    1.98    0.00    0.00    0.00    0.00    0.00    0.00   90.10
19:34:39       3    9.09    0.00    1.01    0.00    0.00    0.00    0.00    0.00    0.00   89.90
19:34:39       4   15.15    0.00    1.01    0.00    0.00    0.00    0.00    0.00    0.00   83.84
19:34:39       5   12.00    0.00    1.00    0.00    0.00    1.00    0.00    0.00    0.00   86.00
19:34:39       6    8.16    0.00    0.00    0.00    0.00    0.00    0.00    0.00    0.00   91.84
19:34:39       7   24.75    0.00    0.99    0.99    0.00    0.00    0.00    0.00    0.00   73.27
19:34:39       8   17.82    0.00    4.95    6.93    0.00    0.00    0.00    0.00    0.00   70.30
19:34:39       9    4.00    0.00    1.00    0.00    0.00    1.00    0.00    0.00    0.00   94.00
19:34:39      10    7.07    0.00    1.01    0.00    0.00    0.00    0.00    0.00    0.00   91.92
19:34:39      11   16.00    0.00    2.00    0.00    0.00    0.00    0.00    0.00    0.00   82.00
19:34:39      12   20.00    0.00    2.00    2.00    0.00    0.00    0.00    0.00    0.00   76.00
19:34:39      13    8.16    0.00    2.04    0.00    0.00    0.00    0.00    0.00    0.00   89.80
19:34:39      14    2.06    0.00    3.09   10.31    0.00    0.00    0.00    0.00    0.00   84.54
19:34:39      15   19.00    0.00    1.00    0.00    0.00    0.00    0.00    0.00    0.00   80.00

19:34:39     CPU    %usr   %nice    %sys %iowait    %irq   %soft  %steal  %guest  %gnice   %idle
19:34:40     all    9.97    0.00    1.58    2.27    0.00    0.06    0.00    0.00    0.00   86.11
19:34:40       0   23.47    0.00    0.00    0.00    0.00    0.00    0.00    0.00    0.00   76.53
19:34:40       1    6.06    0.00    1.01    3.03    0.00    1.01    0.00    0.00    0.00   88.89
19:34:40       2    6.06    0.00    1.01    1.01    0.00    0.00    0.00    0.00    0.00   91.92
19:34:40       3    9.00    0.00    3.00    2.00    0.00    0.00    0.00    0.00    0.00   86.00
19:34:40       4    7.00    0.00    1.00    0.00    0.00    0.00    0.00    0.00    0.00   92.00
19:34:40       5   13.00    0.00    1.00    0.00    0.00    0.00    0.00    0.00    0.00   86.00
19:34:40       6   13.86    0.00    0.99    0.99    0.00    0.00    0.00    0.00    0.00   84.16
19:34:40       7    4.12    0.00    2.06    2.06    0.00    0.00    0.00    0.00    0.00   91.75
19:34:40       8    9.09    0.00    2.02    0.00    0.00    0.00    0.00    0.00    0.00   88.89
19:34:40       9    8.16    0.00    1.02    0.00    0.00    0.00    0.00    0.00    0.00   90.82
19:34:40      10    6.19    0.00    4.12    6.19    0.00    0.00    0.00    0.00    0.00   83.51
19:34:40      11   10.00    0.00    1.00    1.00    0.00    0.00    0.00    0.00    0.00   88.00
19:34:40      12    4.04    0.00    1.01    4.04    0.00    0.00    0.00    0.00    0.00   90.91
19:34:40      13   10.00    0.00    3.00    7.00    0.00    0.00    0.00    0.00    0.00   80.00
19:34:40      14   24.24    0.00    1.01    0.00    0.00    0.00    0.00    0.00    0.00   74.75
19:34:40      15    5.10    0.00    2.04    9.18    0.00    0.00    0.00    0.00    0.00   83.67

19:34:40     CPU    %usr   %nice    %sys %iowait    %irq   %soft  %steal  %guest  %gnice   %idle
19:34:41     all    9.13    0.00    1.26    1.83    0.00    0.06    0.00    0.00    0.00   87.72
19:34:41       0    2.02    0.00    1.01    0.00    0.00    0.00    0.00    0.00    0.00   96.97
19:34:41       1   12.00    0.00    1.00    1.00    0.00    0.00    0.00    0.00    0.00   86.00
19:34:41       2    1.01    0.00    1.01    0.00    0.00    0.00    0.00    0.00    0.00   97.98
19:34:41       3    2.02    0.00    1.01    1.01    0.00    0.00    0.00    0.00    0.00   95.96
19:34:41       4   22.22    0.00    6.06    8.08    0.00    0.00    0.00    0.00    0.00   63.64
19:34:41       5    5.10    0.00    0.00    0.00    0.00    0.00    0.00    0.00    0.00   94.90
19:34:41       6   10.10    0.00    1.01    0.00    0.00    0.00    0.00    0.00    0.00   88.89
19:34:41       7    9.00    0.00    1.00    2.00    0.00    0.00    0.00    0.00    0.00   88.00
19:34:41       8    6.06    0.00    1.01    0.00    0.00    1.01    0.00    0.00    0.00   91.92
19:34:41       9    2.00    0.00    3.00   12.00    0.00    0.00    0.00    0.00    0.00   83.00
19:34:41      10   11.11    0.00    1.01    4.04    0.00    0.00    0.00    0.00    0.00   83.84
19:34:41      11    8.08    0.00    0.00    0.00    0.00    0.00    0.00    0.00    0.00   91.92
19:34:41      12    2.02    0.00    1.01    0.00    0.00    0.00    0.00    0.00    0.00   96.97
19:34:41      13   15.15    0.00    1.01    0.00    0.00    0.00    0.00    0.00    0.00   83.84
19:34:41      14   18.00    0.00    0.00    1.00    0.00    0.00    0.00    0.00    0.00   81.00
19:34:41      15   20.00    0.00    1.00    0.00    0.00    0.00    0.00    0.00    0.00   79.00

19:34:41     CPU    %usr   %nice    %sys %iowait    %irq   %soft  %steal  %guest  %gnice   %idle
19:34:42     all   19.94    0.00    1.65    0.82    0.00    0.00    0.00    0.00    0.00   77.59
19:34:42       0    9.18    0.00    1.02    0.00    0.00    0.00    0.00    0.00    0.00   89.80
19:34:42       1   34.34    0.00    4.04    3.03    0.00    0.00    0.00    0.00    0.00   58.59
19:34:42       2   38.78    0.00    0.00    0.00    0.00    0.00    0.00    0.00    0.00   61.22
19:34:42       3    8.25    0.00    1.03    0.00    0.00    0.00    0.00    0.00    0.00   90.72
19:34:42       4   16.16    0.00    2.02    2.02    0.00    0.00    0.00    0.00    0.00   79.80
19:34:42       5   11.11    0.00    2.02    0.00    0.00    0.00    0.00    0.00    0.00   86.87
19:34:42       6   40.40    0.00    0.00    0.00    0.00    0.00    0.00    0.00    0.00   59.60
19:34:42       7   13.13    0.00    2.02    0.00    0.00    0.00    0.00    0.00    0.00   84.85
19:34:42       8   16.00    0.00    1.00    0.00    0.00    0.00    0.00    0.00    0.00   83.00
19:34:42       9    5.15    0.00    2.06    3.09    0.00    0.00    0.00    0.00    0.00   89.69
19:34:42      10   21.21    0.00    3.03    5.05    0.00    0.00    0.00    0.00    0.00   70.71
19:34:42      11   25.00    0.00    1.00    0.00    0.00    0.00    0.00    0.00    0.00   74.00
19:34:42      12   31.31    0.00    2.02    0.00    0.00    0.00    0.00    0.00    0.00   66.67
19:34:42      13   27.72    0.00    1.98    0.00    0.00    0.00    0.00    0.00    0.00   70.30
19:34:42      14   10.10    0.00    2.02    0.00    0.00    0.00    0.00    0.00    0.00   87.88
19:34:42      15   10.31    0.00    1.03    0.00    0.00    0.00    0.00    0.00    0.00   88.66

19:34:42     CPU    %usr   %nice    %sys %iowait    %irq   %soft  %steal  %guest  %gnice   %idle
19:34:43     all    6.28    0.00    1.13    1.95    0.00    0.06    0.00    0.00    0.00   90.58
19:34:43       0    7.00    0.00    1.00    0.00    0.00    0.00    0.00    0.00    0.00   92.00
19:34:43       1    1.00    0.00    1.00    0.00    0.00    0.00    0.00    0.00    0.00   98.00
19:34:43       2   14.00    0.00    3.00    3.00    0.00    0.00    0.00    0.00    0.00   80.00
19:34:43       3    5.94    0.00    0.99    0.00    0.00    0.00    0.00    0.00    0.00   93.07
19:34:43       4    5.05    0.00    1.01    0.00    0.00    0.00    0.00    0.00    0.00   93.94
19:34:43       5    4.00    0.00    0.00    0.00    0.00    0.00    0.00    0.00    0.00   96.00
19:34:43       6    6.00    0.00    1.00    0.00    0.00    0.00    0.00    0.00    0.00   93.00
19:34:43       7    1.01    0.00    1.01    5.05    0.00    0.00    0.00    0.00    0.00   92.93
19:34:43       8   12.24    0.00    4.08   15.31    0.00    0.00    0.00    0.00    0.00   68.37
19:34:43       9    6.00    0.00    1.00    2.00    0.00    1.00    0.00    0.00    0.00   90.00
19:34:43      10    1.02    0.00    2.04    5.10    0.00    0.00    0.00    0.00    0.00   91.84
19:34:43      11    3.00    0.00    1.00    0.00    0.00    0.00    0.00    0.00    0.00   96.00
19:34:43      12    0.99    0.00    0.00    0.99    0.00    0.00    0.00    0.00    0.00   98.02
19:34:43      13    6.06    0.00    0.00    0.00    0.00    0.00    0.00    0.00    0.00   93.94
19:34:43      14    9.09    0.00    0.00    0.00    0.00    0.00    0.00    0.00    0.00   90.91
19:34:43      15   18.18    0.00    1.01    0.00    0.00    0.00    0.00    0.00    0.00   80.81

19:34:43     CPU    %usr   %nice    %sys %iowait    %irq   %soft  %steal  %guest  %gnice   %idle
19:34:44     all   17.05    0.00    1.51    1.26    0.00    0.06    0.00    0.00    0.00   80.11
19:34:44       0   14.14    0.00    1.01    1.01    0.00    0.00    0.00    0.00    0.00   83.84
19:34:44       1    6.12    0.00    0.00    0.00    0.00    0.00    0.00    0.00    0.00   93.88
19:34:44       2    6.93    0.00    5.94    5.94    0.00    0.00    0.00    0.00    0.00   81.19
19:34:44       3   27.00    0.00    1.00    0.00    0.00    0.00    0.00    0.00    0.00   72.00
19:34:44       4   25.25    0.00    1.01    0.00    0.00    0.00    0.00    0.00    0.00   73.74
19:34:44       5   10.00    0.00    2.00    1.00    0.00    0.00    0.00    0.00    0.00   87.00
19:34:44       6   15.31    0.00    1.02    0.00    0.00    0.00    0.00    0.00    0.00   83.67
19:34:44       7   10.10    0.00    2.02    0.00    0.00    0.00    0.00    0.00    0.00   87.88
19:34:44       8   11.22    0.00    3.06   11.22    0.00    0.00    0.00    0.00    0.00   74.49
19:34:44       9   16.16    0.00    1.01    0.00    0.00    0.00    0.00    0.00    0.00   82.83
19:34:44      10   37.00    0.00    1.00    0.00    0.00    0.00    0.00    0.00    0.00   62.00
19:34:44      11   31.31    0.00    0.00    0.00    0.00    0.00    0.00    0.00    0.00   68.69
19:34:44      12   16.00    0.00    1.00    0.00    0.00    1.00    0.00    0.00    0.00   82.00
19:34:44      13   16.16    0.00    1.01    0.00    0.00    0.00    0.00    0.00    0.00   82.83
19:34:44      14   18.18    0.00    1.01    0.00    0.00    0.00    0.00    0.00    0.00   80.81
19:34:44      15   11.88    0.00    1.98    0.99    0.00    0.00    0.00    0.00    0.00   85.15

19:34:44     CPU    %usr   %nice    %sys %iowait    %irq   %soft  %steal  %guest  %gnice   %idle
19:34:45     all    6.05    0.00    1.01    1.39    0.00    0.06    0.00    0.00    0.00   91.49
19:34:45       0    5.00    0.00    1.00    0.00    0.00    0.00    0.00    0.00    0.00   94.00
19:34:45       1   11.22    0.00    4.08    5.10    0.00    0.00    0.00    0.00    0.00   79.59
19:34:45       2    6.12    0.00    2.04    2.04    0.00    0.00    0.00    0.00    0.00   89.80
19:34:45       3    6.06    0.00    0.00    0.00    0.00    0.00    0.00    0.00    0.00   93.94
19:34:45       4    3.00    0.00    1.00    0.00    0.00    1.00    0.00    0.00    0.00   95.00
19:34:45       5    1.02    0.00    0.00    0.00    0.00    0.00    0.00    0.00    0.00   98.98
19:34:45       6    2.00    0.00    1.00    1.00    0.00    0.00    0.00    0.00    0.00   96.00
19:34:45       7    1.01    0.00    0.00    0.00    0.00    0.00    0.00    0.00    0.00   98.99
19:34:45       8    9.09    0.00    0.00    0.00    0.00    0.00    0.00    0.00    0.00   90.91
19:34:45       9    9.09    0.00    1.01    0.00    0.00    0.00    0.00    0.00    0.00   89.90
19:34:45      10    7.92    0.00    0.99    0.00    0.00    0.00    0.00    0.00    0.00   91.09
19:34:45      11   16.16    0.00    0.00    2.02    0.00    0.00    0.00    0.00    0.00   81.82
19:34:45      12    1.01    0.00    0.00    0.00    0.00    0.00    0.00    0.00    0.00   98.99
19:34:45      13    6.06    0.00    2.02    2.02    0.00    0.00    0.00    0.00    0.00   89.90
19:34:45      14    6.12    0.00    2.04   10.20    0.00    0.00    0.00    0.00    0.00   81.63
19:34:45      15    6.00    0.00    1.00    0.00    0.00    0.00    0.00    0.00    0.00   93.00

19:34:45     CPU    %usr   %nice    %sys %iowait    %irq   %soft  %steal  %guest  %gnice   %idle
19:34:46     all   13.17    0.00    1.38    1.76    0.00    0.00    0.00    0.00    0.00   83.70
19:34:46       0   10.20    0.00    1.02    2.04    0.00    0.00    0.00    0.00    0.00   86.73
19:34:46       1    8.00    0.00    4.00    6.00    0.00    0.00    0.00    0.00    0.00   82.00
19:34:46       2   14.00    0.00    1.00    2.00    0.00    0.00    0.00    0.00    0.00   83.00
19:34:46       3   11.88    0.00    0.99    0.00    0.00    0.00    0.00    0.00    0.00   87.13
19:34:46       4   17.17    0.00    1.01    4.04    0.00    0.00    0.00    0.00    0.00   77.78
19:34:46       5   11.11    0.00    1.01    0.00    0.00    0.00    0.00    0.00    0.00   87.88
19:34:46       6    6.00    0.00    1.00    0.00    0.00    0.00    0.00    0.00    0.00   93.00
19:34:46       7   19.00    0.00    3.00    2.00    0.00    0.00    0.00    0.00    0.00   76.00
19:34:46       8   11.00    0.00    1.00    0.00    0.00    0.00    0.00    0.00    0.00   88.00
19:34:46       9   17.82    0.00    0.99    0.00    0.00    0.00    0.00    0.00    0.00   81.19
19:34:46      10    5.05    0.00    1.01    0.00    0.00    0.00    0.00    0.00    0.00   93.94
19:34:46      11   11.00    0.00    1.00    0.00    0.00    0.00    0.00    0.00    0.00   88.00
19:34:46      12   12.00    0.00    1.00    0.00    0.00    0.00    0.00    0.00    0.00   87.00
19:34:46      13   11.11    0.00    1.01    2.02    0.00    0.00    0.00    0.00    0.00   85.86
19:34:46      14   26.73    0.00    2.97    9.90    0.00    0.00    0.00    0.00    0.00   60.40
19:34:46      15   18.37    0.00    0.00    0.00    0.00    0.00    0.00    0.00    0.00   81.63

19:34:46     CPU    %usr   %nice    %sys %iowait    %irq   %soft  %steal  %guest  %gnice   %idle
19:34:47     all    6.84    0.00    1.58    3.23    0.00    0.13    0.00    0.00    0.00   88.23
19:34:47       0    2.97    0.00    0.99    0.00    0.00    0.99    0.00    0.00    0.00   95.05
19:34:47       1    8.08    0.00    2.02    1.01    0.00    0.00    0.00    0.00    0.00   88.89
19:34:47       2    2.04    0.00    1.02    1.02    0.00    0.00    0.00    0.00    0.00   95.92
19:34:47       3    6.12    0.00    0.00    0.00    0.00    0.00    0.00    0.00    0.00   93.88
19:34:47       4    6.06    0.00    1.01    0.00    0.00    0.00    0.00    0.00    0.00   92.93
19:34:47       5    5.15    0.00    4.12   18.56    0.00    0.00    0.00    0.00    0.00   72.16
19:34:47       6    5.05    0.00    0.00    0.00    0.00    1.01    0.00    0.00    0.00   93.94
19:34:47       7    5.94    0.00    0.99    0.99    0.00    0.00    0.00    0.00    0.00   92.08
19:34:47       8    5.05    0.00    3.03   13.13    0.00    0.00    0.00    0.00    0.00   78.79
19:34:47       9    5.10    0.00    1.02    0.00    0.00    0.00    0.00    0.00    0.00   93.88
19:34:47      10    6.25    0.00    4.17    9.38    0.00    0.00    0.00    0.00    0.00   80.21
19:34:47      11   19.19    0.00    1.01    0.00    0.00    0.00    0.00    0.00    0.00   79.80
19:34:47      12   12.12    0.00    0.00    0.00    0.00    0.00    0.00    0.00    0.00   87.88
19:34:47      13    5.00    0.00    1.00    0.00    0.00    0.00    0.00    0.00    0.00   94.00
19:34:47      14    9.38    0.00    4.17    8.33    0.00    0.00    0.00    0.00    0.00   78.12
19:34:47      15    5.94    0.00    0.99    0.00    0.00    0.00    0.00    0.00    0.00   93.07

19:34:47     CPU    %usr   %nice    %sys %iowait    %irq   %soft  %steal  %guest  %gnice   %idle
19:34:48     all    6.91    0.00    0.75    0.06    0.00    0.00    0.00    0.00    0.00   92.27
19:34:48       0    3.03    0.00    1.01    0.00    0.00    0.00    0.00    0.00    0.00   95.96
19:34:48       1    2.02    0.00    0.00    0.00    0.00    0.00    0.00    0.00    0.00   97.98
19:34:48       2   11.88    0.00    0.99    0.99    0.00    0.00    0.00    0.00    0.00   86.14
19:34:48       3    4.95    0.00    1.98    0.00    0.00    0.00    0.00    0.00    0.00   93.07
19:34:48       4    9.00    0.00    1.00    0.00    0.00    0.00    0.00    0.00    0.00   90.00
19:34:48       5    9.00    0.00    1.00    0.00    0.00    0.00    0.00    0.00    0.00   90.00
19:34:48       6   14.00    0.00    1.00    0.00    0.00    0.00    0.00    0.00    0.00   85.00
19:34:48       7    7.14    0.00    0.00    0.00    0.00    0.00    0.00    0.00    0.00   92.86
19:34:48       8    0.00    0.00    0.00    0.00    0.00    0.00    0.00    0.00    0.00  100.00
19:34:48       9    4.00    0.00    1.00    0.00    0.00    0.00    0.00    0.00    0.00   95.00
19:34:48      10    3.00    0.00    1.00    0.00    0.00    0.00    0.00    0.00    0.00   96.00
19:34:48      11    8.00    0.00    1.00    0.00    0.00    0.00    0.00    0.00    0.00   91.00
19:34:48      12   10.00    0.00    1.00    0.00    0.00    0.00    0.00    0.00    0.00   89.00
19:34:48      13    8.08    0.00    1.01    0.00    0.00    0.00    0.00    0.00    0.00   90.91
19:34:48      14    2.02    0.00    0.00    0.00    0.00    0.00    0.00    0.00    0.00   97.98
19:34:48      15   14.29    0.00    0.00    0.00    0.00    0.00    0.00    0.00    0.00   85.71
