Linux 7.0.0-1006-aws (ip-172-31-28-187) 	06/20/26 	_x86_64_	(16 CPU)

21:45:36     CPU    %usr   %nice    %sys %iowait    %irq   %soft  %steal  %guest  %gnice   %idle
21:45:37     all   45.48    0.00    4.77    0.06    0.00    0.13    0.00    0.00    0.00   49.56
21:45:37       0   44.00    0.00    2.00    0.00    0.00    0.00    0.00    0.00    0.00   54.00
21:45:37       1   42.42    0.00    3.03    0.00    0.00    0.00    0.00    0.00    0.00   54.55
21:45:37       2   42.42    0.00    3.03    0.00    0.00    0.00    0.00    0.00    0.00   54.55
21:45:37       3   59.00    0.00   27.00    0.00    0.00    0.00    0.00    0.00    0.00   14.00
21:45:37       4   46.39    0.00    4.12    0.00    0.00    0.00    0.00    0.00    0.00   49.48
21:45:37       5   44.00    0.00    4.00    0.00    0.00    0.00    0.00    0.00    0.00   52.00
21:45:37       6   48.00    0.00    3.00    0.00    0.00    0.00    0.00    0.00    0.00   49.00
21:45:37       7   45.54    0.00    3.96    0.00    0.00    0.00    0.00    0.00    0.00   50.50
21:45:37       8   51.00    0.00    3.00    0.00    0.00    1.00    0.00    0.00    0.00   45.00
21:45:37       9   40.00    0.00    4.00    0.00    0.00    0.00    0.00    0.00    0.00   56.00
21:45:37      10   49.49    0.00    3.03    0.00    0.00    0.00    0.00    0.00    0.00   47.47
21:45:37      11   42.00    0.00    4.00    0.00    0.00    0.00    0.00    0.00    0.00   54.00
21:45:37      12   44.44    0.00    3.03    0.00    0.00    0.00    0.00    0.00    0.00   52.53
21:45:37      13   39.80    0.00    3.06    0.00    0.00    0.00    0.00    0.00    0.00   57.14
21:45:37      14   44.55    0.00    2.97    0.00    0.00    0.99    0.00    0.00    0.00   51.49
21:45:37      15   44.55    0.00    2.97    0.99    0.00    0.00    0.00    0.00    0.00   51.49

21:45:37     CPU    %usr   %nice    %sys %iowait    %irq   %soft  %steal  %guest  %gnice   %idle
21:45:38     all   44.36    0.00    4.68    0.25    0.00    1.05    0.00    0.00    0.00   49.66
21:45:38       0   40.20    0.00    5.88    0.00    0.00    0.98    0.00    0.00    0.00   52.94
21:45:38       1   37.25    0.00    3.92    0.98    0.00    0.98    0.00    0.00    0.00   56.86
21:45:38       2   39.00    0.00    5.00    0.00    0.00    1.00    0.00    0.00    0.00   55.00
21:45:38       3   42.57    0.00    3.96    0.00    0.00    0.99    0.00    0.00    0.00   52.48
21:45:38       4   47.06    0.00    4.90    0.00    0.00    0.98    0.00    0.00    0.00   47.06
21:45:38       5   42.42    0.00    4.04    0.00    0.00    1.01    0.00    0.00    0.00   52.53
21:45:38       6   35.58    0.00    4.81    0.96    0.00    1.92    0.00    0.00    0.00   56.73
21:45:38       7   52.00    0.00    3.00    0.00    0.00    1.00    0.00    0.00    0.00   44.00
21:45:38       8   44.90    0.00    4.08    0.00    0.00    0.00    0.00    0.00    0.00   51.02
21:45:38       9   34.31    0.00    5.88    0.00    0.00    0.98    0.00    0.00    0.00   58.82
21:45:38      10   34.65    0.00    4.95    0.99    0.00    0.99    0.00    0.00    0.00   58.42
21:45:38      11   32.38    0.00    6.67    0.00    0.00    2.86    0.00    0.00    0.00   58.10
21:45:38      12   49.04    0.00    5.77    0.00    0.00    0.96    0.00    0.00    0.00   44.23
21:45:38      13   50.00    0.00    5.77    0.96    0.00    0.96    0.00    0.00    0.00   42.31
21:45:38      14   91.92    0.00    1.01    0.00    0.00    0.00    0.00    0.00    0.00    7.07
21:45:38      15   38.00    0.00    5.00    0.00    0.00    1.00    0.00    0.00    0.00   56.00

21:45:38     CPU    %usr   %nice    %sys %iowait    %irq   %soft  %steal  %guest  %gnice   %idle
21:45:39     all   25.48    0.00    4.07    0.62    0.00    0.68    0.00    0.00    0.00   69.15
21:45:39       0   23.53    0.00    3.92    0.98    0.00    0.98    0.00    0.00    0.00   70.59
21:45:39       1   29.13    0.00    3.88    0.00    0.00    0.97    0.00    0.00    0.00   66.02
21:45:39       2   19.00    0.00    4.00    1.00    0.00    0.00    0.00    0.00    0.00   76.00
21:45:39       3   31.63    0.00    3.06    0.00    0.00    0.00    0.00    0.00    0.00   65.31
21:45:39       4   23.08    0.00    4.81    0.00    0.00    0.96    0.00    0.00    0.00   71.15
21:45:39       5   16.83    0.00    3.96    0.00    0.00    0.99    0.00    0.00    0.00   78.22
21:45:39       6   24.27    0.00    2.91    0.00    0.00    0.00    0.00    0.00    0.00   72.82
21:45:39       7   15.53    0.00    4.85    1.94    0.00    1.94    0.00    0.00    0.00   75.73
21:45:39       8   22.33    0.00    4.85    0.97    0.00    0.97    0.00    0.00    0.00   70.87
21:45:39       9   16.67    0.00    8.33    0.00    0.00    0.93    0.00    0.00    0.00   74.07
21:45:39      10   18.00    0.00    4.00    1.00    0.00    1.00    0.00    0.00    0.00   76.00
21:45:39      11   17.53    0.00    4.12    1.03    0.00    0.00    0.00    0.00    0.00   77.32
21:45:39      12   20.00    0.00    5.71    2.86    0.00    0.95    0.00    0.00    0.00   70.48
21:45:39      13   20.83    0.00    2.08    0.00    0.00    0.00    0.00    0.00    0.00   77.08
21:45:39      14  100.00    0.00    0.00    0.00    0.00    0.00    0.00    0.00    0.00    0.00
21:45:39      15   10.20    0.00    4.08    0.00    0.00    1.02    0.00    0.00    0.00   84.69

21:45:39     CPU    %usr   %nice    %sys %iowait    %irq   %soft  %steal  %guest  %gnice   %idle
21:45:40     all   29.43    0.00    3.59    0.81    0.00    0.81    0.00    0.00    0.00   65.37
21:45:40       0   17.82    0.00    3.96    0.99    0.00    0.99    0.00    0.00    0.00   76.24
21:45:40       1   22.43    0.00    5.61    0.93    0.00    1.87    0.00    0.00    0.00   69.16
21:45:40       2   20.95    0.00    4.76    0.00    0.00    1.90    0.00    0.00    0.00   72.38
21:45:40       3   68.27    0.00    3.85    0.96    0.00    0.00    0.00    0.00    0.00   26.92
21:45:40       4   35.58    0.00    4.81    0.96    0.00    0.96    0.00    0.00    0.00   57.69
21:45:40       5   26.47    0.00    5.88    2.94    0.00    0.98    0.00    0.00    0.00   63.73
21:45:40       6   56.57    0.00    1.01    0.00    0.00    0.00    0.00    0.00    0.00   42.42
21:45:40       7   13.40    0.00    2.06    1.03    0.00    1.03    0.00    0.00    0.00   82.47
21:45:40       8   44.00    0.00    2.00    0.00    0.00    0.00    0.00    0.00    0.00   54.00
21:45:40       9   33.00    0.00    3.00    1.00    0.00    0.00    0.00    0.00    0.00   63.00
21:45:40      10   10.89    0.00    3.96    0.00    0.00    0.99    0.00    0.00    0.00   84.16
21:45:40      11    8.16    0.00    4.08    1.02    0.00    2.04    0.00    0.00    0.00   84.69
21:45:40      12   32.32    0.00    2.02    0.00    0.00    1.01    0.00    0.00    0.00   64.65
21:45:40      13   19.00    0.00    3.00    1.00    0.00    1.00    0.00    0.00    0.00   76.00
21:45:40      14   38.00    0.00    4.00    1.00    0.00    0.00    0.00    0.00    0.00   57.00
21:45:40      15   22.68    0.00    3.09    1.03    0.00    0.00    0.00    0.00    0.00   73.20

21:45:40     CPU    %usr   %nice    %sys %iowait    %irq   %soft  %steal  %guest  %gnice   %idle
21:45:41     all   36.59    0.00    3.65    0.31    0.00    0.62    0.00    0.00    0.00   58.82
21:45:41       0   30.61    0.00    4.08    0.00    0.00    1.02    0.00    0.00    0.00   64.29
21:45:41       1   27.27    0.00    3.03    0.00    0.00    1.01    0.00    0.00    0.00   68.69
21:45:41       2   33.00    0.00    3.00    1.00    0.00    1.00    0.00    0.00    0.00   62.00
21:45:41       3   33.65    0.00    4.81    0.00    0.00    0.00    0.00    0.00    0.00   61.54
21:45:41       4   34.69    0.00    3.06    1.02    0.00    1.02    0.00    0.00    0.00   60.20
21:45:41       5   39.09    0.00    5.45    0.00    0.00    0.91    0.00    0.00    0.00   54.55
21:45:41       6   39.39    0.00    2.02    0.00    0.00    0.00    0.00    0.00    0.00   58.59
21:45:41       7   29.63    0.00    6.48    0.00    0.00    0.93    0.00    0.00    0.00   62.96
21:45:41       8   25.00    0.00    6.73    0.00    0.00    0.96    0.00    0.00    0.00   67.31
21:45:41       9   29.00    0.00    3.00    0.00    0.00    0.00    0.00    0.00    0.00   68.00
21:45:41      10   25.51    0.00    3.06    1.02    0.00    1.02    0.00    0.00    0.00   69.39
21:45:41      11   33.00    0.00    4.00    1.00    0.00    0.00    0.00    0.00    0.00   62.00
21:45:41      12   28.28    0.00    3.03    1.01    0.00    0.00    0.00    0.00    0.00   67.68
21:45:41      13   42.57    0.00    3.96    0.00    0.00    0.99    0.00    0.00    0.00   52.48
21:45:41      14   98.99    0.00    0.00    0.00    0.00    0.00    0.00    0.00    0.00    1.01
21:45:41      15   36.73    0.00    2.04    0.00    0.00    1.02    0.00    0.00    0.00   60.20

21:45:41     CPU    %usr   %nice    %sys %iowait    %irq   %soft  %steal  %guest  %gnice   %idle
21:45:42     all   24.13    0.00    3.43    1.10    0.00    0.49    0.00    0.00    0.00   70.85
21:45:42       0   10.42    0.00    2.08    0.00    0.00    0.00    0.00    0.00    0.00   87.50
21:45:42       1   23.76    0.00    3.96    2.97    0.00    0.00    0.00    0.00    0.00   69.31
21:45:42       2   17.48    0.00    3.88    0.97    0.00    0.00    0.00    0.00    0.00   77.67
21:45:42       3   14.43    0.00    1.03    3.09    0.00    0.00    0.00    0.00    0.00   81.44
21:45:42       4   28.43    0.00    3.92    0.98    0.00    0.00    0.00    0.00    0.00   66.67
21:45:42       5   47.12    0.00    4.81    0.00    0.00    0.96    0.00    0.00    0.00   47.12
21:45:42       6   10.48    0.00    3.81    0.00    0.00    0.95    0.00    0.00    0.00   84.76
21:45:42       7   16.82    0.00    5.61    0.93    0.00    0.93    0.00    0.00    0.00   75.70
21:45:42       8   16.67    0.00    5.56    3.70    0.00    0.93    0.00    0.00    0.00   73.15
21:45:42       9   10.78    0.00    3.92    1.96    0.00    0.00    0.00    0.00    0.00   83.33
21:45:42      10   10.20    0.00    2.04    1.02    0.00    0.00    0.00    0.00    0.00   86.73
21:45:42      11   31.73    0.00    3.85    0.00    0.00    0.96    0.00    0.00    0.00   63.46
21:45:42      12   16.49    0.00    1.03    0.00    0.00    1.03    0.00    0.00    0.00   81.44
21:45:42      13   14.02    0.00    5.61    0.93    0.00    1.87    0.00    0.00    0.00   77.57
21:45:42      14  100.00    0.00    0.00    0.00    0.00    0.00    0.00    0.00    0.00    0.00
21:45:42      15   17.65    0.00    2.94    0.98    0.00    0.00    0.00    0.00    0.00   78.43

21:45:42     CPU    %usr   %nice    %sys %iowait    %irq   %soft  %steal  %guest  %gnice   %idle
21:45:43     all   25.38    0.00    4.14    1.52    0.00    0.67    0.00    0.00    0.00   68.29
21:45:43       0   13.73    0.00    4.90    2.94    0.00    0.00    0.00    0.00    0.00   78.43
21:45:43       1   37.14    0.00    5.71    1.90    0.00    1.90    0.00    0.00    0.00   53.33
21:45:43       2   13.73    0.00    4.90    0.00    0.00    0.98    0.00    0.00    0.00   80.39
21:45:43       3   24.27    0.00    3.88    0.97    0.00    0.97    0.00    0.00    0.00   69.90
21:45:43       4   15.00    0.00    5.00    5.00    0.00    0.00    0.00    0.00    0.00   75.00
21:45:43       5   27.00    0.00    2.00    2.00    0.00    0.00    0.00    0.00    0.00   69.00
21:45:43       6    6.73    0.00    4.81    0.00    0.00    0.00    0.00    0.00    0.00   88.46
21:45:43       7   35.92    0.00    2.91    0.00    0.00    0.00    0.00    0.00    0.00   61.17
21:45:43       8   30.30    0.00    3.03    3.03    0.00    0.00    0.00    0.00    0.00   63.64
21:45:43       9   19.80    0.00    3.96    0.99    0.00    0.99    0.00    0.00    0.00   74.26
21:45:43      10   14.41    0.00    8.11    1.80    0.00    1.80    0.00    0.00    0.00   73.87
21:45:43      11   12.00    0.00    3.00    2.00    0.00    0.00    0.00    0.00    0.00   83.00
21:45:43      12   24.51    0.00    1.96    0.00    0.00    0.00    0.00    0.00    0.00   73.53
21:45:43      13   20.72    0.00    6.31    0.90    0.00    2.70    0.00    0.00    0.00   69.37
21:45:43      14  100.00    0.00    0.00    0.00    0.00    0.00    0.00    0.00    0.00    0.00
21:45:43      15   13.00    0.00    5.00    3.00    0.00    1.00    0.00    0.00    0.00   78.00

21:45:43     CPU    %usr   %nice    %sys %iowait    %irq   %soft  %steal  %guest  %gnice   %idle
21:45:44     all   27.78    0.00    3.77    1.16    0.00    0.67    0.00    0.00    0.00   66.63
21:45:44       0   27.72    0.00    3.96    1.98    0.00    0.99    0.00    0.00    0.00   65.35
21:45:44       1   15.24    0.00    6.67    4.76    0.00    0.95    0.00    0.00    0.00   72.38
21:45:44       2   34.31    0.00    2.94    0.00    0.00    0.00    0.00    0.00    0.00   62.75
21:45:44       3   19.00    0.00    3.00    1.00    0.00    0.00    0.00    0.00    0.00   77.00
21:45:44       4   19.00    0.00    3.00    0.00    0.00    1.00    0.00    0.00    0.00   77.00
21:45:44       5   11.88    0.00    2.97    0.99    0.00    0.00    0.00    0.00    0.00   84.16
21:45:44       6    9.43    0.00    4.72    0.00    0.00    0.94    0.00    0.00    0.00   84.91
21:45:44       7   22.55    0.00    2.94    0.98    0.00    1.96    0.00    0.00    0.00   71.57
21:45:44       8   17.31    0.00    5.77    0.00    0.00    0.00    0.00    0.00    0.00   76.92
21:45:44       9   41.41    0.00    3.03    3.03    0.00    0.00    0.00    0.00    0.00   52.53
21:45:44      10   12.15    0.00    6.54    0.93    0.00    1.87    0.00    0.00    0.00   78.50
21:45:44      11   31.68    0.00    2.97    0.99    0.00    0.00    0.00    0.00    0.00   64.36
21:45:44      12   35.24    0.00    3.81    1.90    0.00    0.95    0.00    0.00    0.00   58.10
21:45:44      13   16.83    0.00    2.97    0.99    0.00    0.99    0.00    0.00    0.00   78.22
21:45:44      14  100.00    0.00    0.00    0.00    0.00    0.00    0.00    0.00    0.00    0.00
21:45:44      15   33.33    0.00    4.50    0.90    0.00    0.90    0.00    0.00    0.00   60.36

21:45:44     CPU    %usr   %nice    %sys %iowait    %irq   %soft  %steal  %guest  %gnice   %idle
21:45:45     all   15.97    0.00    3.89    1.88    0.00    0.36    0.00    0.00    0.00   77.90
21:45:45       0   13.73    0.00    2.94    0.00    0.00    0.98    0.00    0.00    0.00   82.35
21:45:45       1   17.00    0.00    2.00    4.00    0.00    0.00    0.00    0.00    0.00   77.00
21:45:45       2    8.57    0.00    3.81    0.95    0.00    0.95    0.00    0.00    0.00   85.71
21:45:45       3    8.74    0.00    5.83    4.85    0.00    0.97    0.00    0.00    0.00   79.61
21:45:45       4   14.56    0.00    4.85    1.94    0.00    0.00    0.00    0.00    0.00   78.64
21:45:45       5   11.65    0.00    3.88    1.94    0.00    0.97    0.00    0.00    0.00   81.55
21:45:45       6   38.00    0.00    1.00    0.00    0.00    0.00    0.00    0.00    0.00   61.00
21:45:45       7   11.54    0.00    3.85    0.00    0.00    0.00    0.00    0.00    0.00   84.62
21:45:45       8   15.60    0.00    6.42    0.92    0.00    0.92    0.00    0.00    0.00   76.15
21:45:45       9    7.84    0.00    3.92    0.98    0.00    0.00    0.00    0.00    0.00   87.25
21:45:45      10    7.77    0.00    3.88    2.91    0.00    0.00    0.00    0.00    0.00   85.44
21:45:45      11    9.09    0.00    7.27    0.91    0.00    0.00    0.00    0.00    0.00   82.73
21:45:45      12    5.00    0.00    4.00    4.00    0.00    0.00    0.00    0.00    0.00   87.00
21:45:45      13   10.89    0.00    4.95    4.95    0.00    0.00    0.00    0.00    0.00   79.21
21:45:45      14   71.57    0.00    0.98    0.00    0.00    0.98    0.00    0.00    0.00   26.47
21:45:45      15    5.00    0.00    2.00    2.00    0.00    0.00    0.00    0.00    0.00   91.00

21:45:45     CPU    %usr   %nice    %sys %iowait    %irq   %soft  %steal  %guest  %gnice   %idle
21:45:46     all   24.63    0.00    3.54    1.59    0.00    0.49    0.00    0.00    0.00   69.76
21:45:46       0    9.90    0.00    3.96    0.00    0.00    0.00    0.00    0.00    0.00   86.14
21:45:46       1   22.45    0.00    2.04    1.02    0.00    0.00    0.00    0.00    0.00   74.49
21:45:46       2   89.11    0.00    0.99    0.00    0.00    0.00    0.00    0.00    0.00    9.90
21:45:46       3    7.07    0.00    2.02    3.03    0.00    0.00    0.00    0.00    0.00   87.88
21:45:46       4   14.42    0.00    3.85    1.92    0.00    0.00    0.00    0.00    0.00   79.81
21:45:46       5   19.47    0.00    6.19    0.88    0.00    1.77    0.00    0.00    0.00   71.68
21:45:46       6   30.77    0.00    3.85    0.96    0.00    0.00    0.00    0.00    0.00   64.42
21:45:46       7   24.49    0.00    3.06    3.06    0.00    0.00    0.00    0.00    0.00   69.39
21:45:46       8   41.90    0.00    2.86    0.00    0.00    1.90    0.00    0.00    0.00   53.33
21:45:46       9   39.25    0.00    5.61    0.93    0.00    0.93    0.00    0.00    0.00   53.27
21:45:46      10   11.00    0.00    3.00    2.00    0.00    1.00    0.00    0.00    0.00   83.00
21:45:46      11    8.91    0.00    3.96    3.96    0.00    0.00    0.00    0.00    0.00   83.17
21:45:46      12   13.40    0.00    3.09    4.12    0.00    0.00    0.00    0.00    0.00   79.38
21:45:46      13   12.12    0.00    3.03    4.04    0.00    0.00    0.00    0.00    0.00   80.81
21:45:46      14   27.18    0.00    2.91    0.00    0.00    0.00    0.00    0.00    0.00   69.90
21:45:46      15   20.91    0.00    5.45    0.00    0.00    1.82    0.00    0.00    0.00   71.82

21:45:46     CPU    %usr   %nice    %sys %iowait    %irq   %soft  %steal  %guest  %gnice   %idle
21:45:47     all   20.80    0.00    3.81    1.87    0.00    0.48    0.00    0.00    0.00   73.04
21:45:47       0   13.08    0.00    5.61    0.93    0.00    0.93    0.00    0.00    0.00   79.44
21:45:47       1   18.10    0.00    5.71    0.95    0.00    0.95    0.00    0.00    0.00   74.29
21:45:47       2   32.69    0.00    3.85    1.92    0.00    0.96    0.00    0.00    0.00   60.58
21:45:47       3   48.04    0.00    1.96    0.00    0.00    0.00    0.00    0.00    0.00   50.00
21:45:47       4   21.90    0.00    4.76    2.86    0.00    0.00    0.00    0.00    0.00   70.48
21:45:47       5   24.51    0.00    1.96    0.98    0.00    0.00    0.00    0.00    0.00   72.55
21:45:47       6   46.00    0.00    3.00    3.00    0.00    0.00    0.00    0.00    0.00   48.00
21:45:47       7   26.21    0.00    1.94    0.97    0.00    0.00    0.00    0.00    0.00   70.87
21:45:47       8    6.80    0.00    3.88    5.83    0.00    0.97    0.00    0.00    0.00   82.52
21:45:47       9   13.46    0.00    3.85    3.85    0.00    0.96    0.00    0.00    0.00   77.88
21:45:47      10   34.65    0.00    0.99    0.99    0.00    0.00    0.00    0.00    0.00   63.37
21:45:47      11    4.00    0.00    3.00    1.00    0.00    0.00    0.00    0.00    0.00   92.00
21:45:47      12    9.90    0.00    2.97    4.95    0.00    0.99    0.00    0.00    0.00   81.19
21:45:47      13   10.68    0.00    3.88    0.97    0.00    0.00    0.00    0.00    0.00   84.47
21:45:47      14   16.51    0.00    8.26    0.00    0.00    0.92    0.00    0.00    0.00   74.31
21:45:47      15    7.62    0.00    4.76    0.95    0.00    0.95    0.00    0.00    0.00   85.71

21:45:47     CPU    %usr   %nice    %sys %iowait    %irq   %soft  %steal  %guest  %gnice   %idle
21:45:48     all   19.80    0.00    3.55    0.98    0.00    0.12    0.00    0.00    0.00   75.55
21:45:48       0   38.46    0.00    4.81    0.00    0.00    0.00    0.00    0.00    0.00   56.73
21:45:48       1   12.50    0.00    4.81    2.88    0.00    0.00    0.00    0.00    0.00   79.81
21:45:48       2   19.19    0.00    2.02    3.03    0.00    0.00    0.00    0.00    0.00   75.76
21:45:48       3   38.24    0.00    2.94    0.98    0.00    0.00    0.00    0.00    0.00   57.84
21:45:48       4   66.99    0.00    2.91    0.00    0.00    0.00    0.00    0.00    0.00   30.10
21:45:48       5   16.35    0.00    3.85    0.00    0.00    0.00    0.00    0.00    0.00   79.81
21:45:48       6   13.08    0.00    4.67    0.93    0.00    1.87    0.00    0.00    0.00   79.44
21:45:48       7   13.13    0.00    2.02    1.01    0.00    0.00    0.00    0.00    0.00   83.84
21:45:48       8    3.06    0.00    3.06    3.06    0.00    0.00    0.00    0.00    0.00   90.82
21:45:48       9   13.73    0.00    1.96    0.00    0.00    0.00    0.00    0.00    0.00   84.31
21:45:48      10   10.78    0.00    3.92    0.98    0.00    0.00    0.00    0.00    0.00   84.31
21:45:48      11   15.53    0.00    3.88    0.97    0.00    0.00    0.00    0.00    0.00   79.61
21:45:48      12   12.38    0.00    6.67    0.00    0.00    0.00    0.00    0.00    0.00   80.95
21:45:48      13   24.00    0.00    3.00    1.00    0.00    0.00    0.00    0.00    0.00   72.00
21:45:48      14    7.77    0.00    3.88    0.97    0.00    0.00    0.00    0.00    0.00   87.38
21:45:48      15   10.89    0.00    1.98    0.00    0.00    0.00    0.00    0.00    0.00   87.13

21:45:48     CPU    %usr   %nice    %sys %iowait    %irq   %soft  %steal  %guest  %gnice   %idle
21:45:49     all   14.41    0.00    4.58    2.41    0.00    0.12    0.00    0.00    0.00   78.47
21:45:49       0    7.69    0.00    5.77    0.96    0.00    0.00    0.00    0.00    0.00   85.58
21:45:49       1   10.91    0.00    6.36    0.00    0.00    0.00    0.00    0.00    0.00   82.73
21:45:49       2  100.00    0.00    0.00    0.00    0.00    0.00    0.00    0.00    0.00    0.00
21:45:49       3    5.77    0.00    3.85    0.96    0.00    1.92    0.00    0.00    0.00   87.50
21:45:49       4    4.95    0.00    4.95    7.92    0.00    0.00    0.00    0.00    0.00   82.18
21:45:49       5   12.37    0.00    1.03    5.15    0.00    0.00    0.00    0.00    0.00   81.44
21:45:49       6    5.88    0.00    3.92    2.94    0.00    0.00    0.00    0.00    0.00   87.25
21:45:49       7    5.10    0.00    3.06    4.08    0.00    0.00    0.00    0.00    0.00   87.76
21:45:49       8    4.95    0.00    3.96    4.95    0.00    0.00    0.00    0.00    0.00   86.14
21:45:49       9   20.75    0.00    5.66    0.00    0.00    0.00    0.00    0.00    0.00   73.58
21:45:49      10    5.00    0.00    1.00    0.00    0.00    0.00    0.00    0.00    0.00   94.00
21:45:49      11   10.28    0.00    6.54    2.80    0.00    0.00    0.00    0.00    0.00   80.37
21:45:49      12    6.25    0.00    9.82    2.68    0.00    0.00    0.00    0.00    0.00   81.25
21:45:49      13   11.82    0.00    8.18    1.82    0.00    0.00    0.00    0.00    0.00   78.18
21:45:49      14    7.00    0.00    3.00    3.00    0.00    0.00    0.00    0.00    0.00   87.00
21:45:49      15   14.15    0.00    4.72    1.89    0.00    0.00    0.00    0.00    0.00   79.25

21:45:49     CPU    %usr   %nice    %sys %iowait    %irq   %soft  %steal  %guest  %gnice   %idle
21:45:50     all   25.56    0.00    2.92    0.18    0.00    0.55    0.00    0.00    0.00   70.79
21:45:50       0   19.81    0.00    3.77    0.94    0.00    0.94    0.00    0.00    0.00   74.53
21:45:50       1    5.00    0.00    3.00    0.00    0.00    0.00    0.00    0.00    0.00   92.00
21:45:50       2   30.77    0.00    3.85    0.00    0.00    0.00    0.00    0.00    0.00   65.38
21:45:50       3   38.38    0.00    1.01    0.00    0.00    0.00    0.00    0.00    0.00   60.61
21:45:50       4   25.45    0.00    4.55    0.00    0.00    0.91    0.00    0.00    0.00   69.09
21:45:50       5   89.32    0.00    0.97    0.00    0.00    0.97    0.00    0.00    0.00    8.74
21:45:50       6   32.67    0.00    1.98    0.00    0.00    0.99    0.00    0.00    0.00   64.36
21:45:50       7   17.14    0.00    2.86    0.95    0.00    0.95    0.00    0.00    0.00   78.10
21:45:50       8   15.53    0.00    2.91    0.00    0.00    0.97    0.00    0.00    0.00   80.58
21:45:50       9   12.75    0.00    2.94    0.00    0.00    0.00    0.00    0.00    0.00   84.31
21:45:50      10   42.72    0.00    3.88    0.97    0.00    0.00    0.00    0.00    0.00   52.43
21:45:50      11   15.53    0.00    4.85    0.00    0.00    0.97    0.00    0.00    0.00   78.64
21:45:50      12   20.79    0.00    1.98    0.00    0.00    0.00    0.00    0.00    0.00   77.23
21:45:50      13    5.88    0.00    2.94    0.00    0.00    0.98    0.00    0.00    0.00   90.20
21:45:50      14    4.00    0.00    3.00    0.00    0.00    1.00    0.00    0.00    0.00   92.00
21:45:50      15   32.67    0.00    1.98    0.00    0.00    0.00    0.00    0.00    0.00   65.35

21:45:50     CPU    %usr   %nice    %sys %iowait    %irq   %soft  %steal  %guest  %gnice   %idle
21:45:51     all   21.33    0.00    3.12    0.43    0.00    0.24    0.00    0.00    0.00   74.88
21:45:51       0   24.75    0.00    2.97    0.00    0.00    0.00    0.00    0.00    0.00   72.28
21:45:51       1   50.50    0.00    1.98    0.00    0.00    0.00    0.00    0.00    0.00   47.52
21:45:51       2   14.29    0.00    3.81    0.95    0.00    0.95    0.00    0.00    0.00   80.00
21:45:51       3   19.05    0.00    2.86    0.95    0.00    0.95    0.00    0.00    0.00   76.19
21:45:51       4   16.67    0.00    2.94    1.96    0.00    0.00    0.00    0.00    0.00   78.43
21:45:51       5   53.47    0.00    0.99    0.99    0.00    0.00    0.00    0.00    0.00   44.55
21:45:51       6    5.94    0.00    2.97    0.00    0.00    0.00    0.00    0.00    0.00   91.09
21:45:51       7   33.98    0.00    3.88    0.97    0.00    0.00    0.00    0.00    0.00   61.17
21:45:51       8    9.71    0.00    3.88    0.00    0.00    0.00    0.00    0.00    0.00   86.41
21:45:51       9    9.09    0.00    3.03    0.00    0.00    0.00    0.00    0.00    0.00   87.88
21:45:51      10   12.75    0.00    3.92    0.00    0.00    0.00    0.00    0.00    0.00   83.33
21:45:51      11   23.53    0.00    1.96    0.98    0.00    0.00    0.00    0.00    0.00   73.53
21:45:51      12   23.81    0.00    4.76    0.00    0.00    0.95    0.00    0.00    0.00   70.48
21:45:51      13    7.77    0.00    3.88    0.00    0.00    0.00    0.00    0.00    0.00   88.35
21:45:51      14   27.72    0.00    2.97    0.00    0.00    0.00    0.00    0.00    0.00   69.31
21:45:51      15    8.82    0.00    2.94    0.00    0.00    0.98    0.00    0.00    0.00   87.25

21:45:51     CPU    %usr   %nice    %sys %iowait    %irq   %soft  %steal  %guest  %gnice   %idle
21:45:52     all   11.38    0.00    4.82    3.01    0.00    0.18    0.00    0.00    0.00   80.61
21:45:52       0    5.00    0.00    3.00    0.00    0.00    1.00    0.00    0.00    0.00   91.00
21:45:52       1    3.92    0.00    7.84    7.84    0.00    0.00    0.00    0.00    0.00   80.39
21:45:52       2    6.80    0.00    5.83    3.88    0.00    0.00    0.00    0.00    0.00   83.50
21:45:52       3    1.01    0.00    1.01    0.00    0.00    0.00    0.00    0.00    0.00   97.98
21:45:52       4    7.21    0.00    7.21    0.00    0.00    0.90    0.00    0.00    0.00   84.68
21:45:52       5    3.00    0.00    2.00    0.00    0.00    0.00    0.00    0.00    0.00   95.00
21:45:52       6   13.21    0.00    3.77    0.00    0.00    0.00    0.00    0.00    0.00   83.02
21:45:52       7   87.13    0.00    0.99    0.00    0.00    0.00    0.00    0.00    0.00   11.88
21:45:52       8    5.56    0.00    5.56    0.00    0.00    0.00    0.00    0.00    0.00   88.89
21:45:52       9   12.28    0.00    7.02    0.88    0.00    0.00    0.00    0.00    0.00   79.82
21:45:52      10    4.00    0.00    3.00    5.00    0.00    1.00    0.00    0.00    0.00   87.00
21:45:52      11    2.00    0.00    5.00   18.00    0.00    0.00    0.00    0.00    0.00   75.00
21:45:52      12    3.96    0.00    6.93   13.86    0.00    0.00    0.00    0.00    0.00   75.25
21:45:52      13    7.96    0.00   11.50    0.00    0.00    0.00    0.00    0.00    0.00   80.53
21:45:52      14    5.83    0.00    4.85    0.00    0.00    0.00    0.00    0.00    0.00   89.32
21:45:52      15   14.00    0.00    0.00    0.00    0.00    0.00    0.00    0.00    0.00   86.00

21:45:52     CPU    %usr   %nice    %sys %iowait    %irq   %soft  %steal  %guest  %gnice   %idle
21:45:53     all   18.62    0.00    4.11    0.30    0.00    0.48    0.00    0.00    0.00   76.48
21:45:53       0   18.27    0.00    3.85    0.00    0.00    0.96    0.00    0.00    0.00   76.92
21:45:53       1   13.16    0.00    8.77    0.00    0.00    2.63    0.00    0.00    0.00   75.44
21:45:53       2   15.00    0.00    2.00    0.00    0.00    0.00    0.00    0.00    0.00   83.00
21:45:53       3    9.43    0.00    7.55    0.00    0.00    0.00    0.00    0.00    0.00   83.02
21:45:53       4   18.81    0.00    3.96    0.00    0.00    0.00    0.00    0.00    0.00   77.23
21:45:53       5    9.80    0.00    2.94    0.00    0.00    0.00    0.00    0.00    0.00   87.25
21:45:53       6   14.42    0.00    5.77    0.00    0.00    0.00    0.00    0.00    0.00   79.81
21:45:53       7    6.60    0.00    5.66    0.94    0.00    0.00    0.00    0.00    0.00   86.79
21:45:53       8    6.00    0.00    2.00    1.00    0.00    0.00    0.00    0.00    0.00   91.00
21:45:53       9   11.54    0.00    4.81    0.00    0.00    0.96    0.00    0.00    0.00   82.69
21:45:53      10    9.00    0.00    2.00    1.00    0.00    0.00    0.00    0.00    0.00   88.00
21:45:53      11   15.89    0.00    5.61    0.00    0.00    0.93    0.00    0.00    0.00   77.57
21:45:53      12   22.33    0.00    2.91    0.00    0.00    0.00    0.00    0.00    0.00   74.76
21:45:53      13    9.80    0.00    3.92    0.98    0.00    0.98    0.00    0.00    0.00   84.31
21:45:53      14   20.79    0.00    2.97    0.99    0.00    0.99    0.00    0.00    0.00   74.26
21:45:53      15  100.00    0.00    0.00    0.00    0.00    0.00    0.00    0.00    0.00    0.00

21:45:53     CPU    %usr   %nice    %sys %iowait    %irq   %soft  %steal  %guest  %gnice   %idle
21:45:54     all   10.65    0.00    4.42    3.21    0.00    0.18    0.00    0.00    0.00   81.54
21:45:54       0    2.88    0.00    5.77    0.96    0.00    0.00    0.00    0.00    0.00   90.38
21:45:54       1    6.42    0.00    9.17    0.00    0.00    0.00    0.00    0.00    0.00   84.40
21:45:54       2    2.97    0.00    0.99    0.99    0.00    0.00    0.00    0.00    0.00   95.05
21:45:54       3    2.97    0.00    1.98    0.99    0.00    0.00    0.00    0.00    0.00   94.06
21:45:54       4    4.00    0.00    3.00    7.00    0.00    1.00    0.00    0.00    0.00   85.00
21:45:54       5    9.26    0.00    6.48    3.70    0.00    0.00    0.00    0.00    0.00   80.56
21:45:54       6    3.88    0.00    2.91    3.88    0.00    0.00    0.00    0.00    0.00   89.32
21:45:54       7    3.85    0.00    4.81    0.00    0.00    1.92    0.00    0.00    0.00   89.42
21:45:54       8    2.00    0.00    1.00    0.00    0.00    0.00    0.00    0.00    0.00   97.00
21:45:54       9   12.82    0.00    8.55    0.00    0.00    0.00    0.00    0.00    0.00   78.63
21:45:54      10    5.66    0.00    3.77    0.00    0.00    0.00    0.00    0.00    0.00   90.57
21:45:54      11    1.04    0.00    4.17   15.62    0.00    0.00    0.00    0.00    0.00   79.17
21:45:54      12    6.12    0.00    9.18   14.29    0.00    0.00    0.00    0.00    0.00   70.41
21:45:54      13    3.00    0.00    4.00    4.00    0.00    0.00    0.00    0.00    0.00   89.00
21:45:54      14    4.76    0.00    3.81    1.90    0.00    0.00    0.00    0.00    0.00   89.52
21:45:54      15  100.00    0.00    0.00    0.00    0.00    0.00    0.00    0.00    0.00    0.00

21:45:54     CPU    %usr   %nice    %sys %iowait    %irq   %soft  %steal  %guest  %gnice   %idle
21:45:55     all   19.06    0.00    4.16    0.30    0.00    0.30    0.00    0.00    0.00   76.18
21:45:55       0   14.29    0.00    5.71    0.00    0.00    0.00    0.00    0.00    0.00   80.00
21:45:55       1   12.75    0.00    2.94    0.98    0.00    0.00    0.00    0.00    0.00   83.33
21:45:55       2   10.68    0.00    3.88    0.00    0.00    0.97    0.00    0.00    0.00   84.47
21:45:55       3   16.35    0.00    4.81    0.00    0.00    0.00    0.00    0.00    0.00   78.85
21:45:55       4    4.81    0.00    3.85    0.00    0.00    0.96    0.00    0.00    0.00   90.38
21:45:55       5   33.64    0.00    5.61    0.93    0.00    0.00    0.00    0.00    0.00   59.81
21:45:55       6   10.78    0.00    2.94    0.98    0.00    0.00    0.00    0.00    0.00   85.29
21:45:55       7   19.81    0.00    5.66    0.00    0.00    0.94    0.00    0.00    0.00   73.58
21:45:55       8   15.15    0.00    2.02    1.01    0.00    1.01    0.00    0.00    0.00   80.81
21:45:55       9   25.96    0.00    7.69    0.00    0.00    0.00    0.00    0.00    0.00   66.35
21:45:55      10   12.87    0.00    2.97    0.00    0.00    0.00    0.00    0.00    0.00   84.16
21:45:55      11   14.42    0.00    2.88    0.96    0.00    0.00    0.00    0.00    0.00   81.73
21:45:55      12   10.68    0.00    2.91    0.00    0.00    0.00    0.00    0.00    0.00   86.41
21:45:55      13    8.33    0.00    6.48    0.00    0.00    0.93    0.00    0.00    0.00   84.26
21:45:55      14   19.42    0.00    3.88    0.00    0.00    0.00    0.00    0.00    0.00   76.70
21:45:55      15   74.76    0.00    1.94    0.00    0.00    0.00    0.00    0.00    0.00   23.30

21:45:55     CPU    %usr   %nice    %sys %iowait    %irq   %soft  %steal  %guest  %gnice   %idle
21:45:56     all   12.22    0.00    4.58    2.17    0.00    0.42    0.00    0.00    0.00   80.61
21:45:56       0   20.19    0.00    3.85    0.00    0.00    0.96    0.00    0.00    0.00   75.00
21:45:56       1   10.58    0.00    6.73    2.88    0.00    0.96    0.00    0.00    0.00   78.85
21:45:56       2    3.88    0.00    4.85    2.91    0.00    0.00    0.00    0.00    0.00   88.35
21:45:56       3   86.14    0.00    0.00    0.00    0.00    0.99    0.00    0.00    0.00   12.87
21:45:56       4    5.77    0.00    4.81    0.00    0.00    0.00    0.00    0.00    0.00   89.42
21:45:56       5    7.27    0.00    7.27    0.91    0.00    0.91    0.00    0.00    0.00   83.64
21:45:56       6    5.83    0.00    3.88    0.00    0.00    0.00    0.00    0.00    0.00   90.29
21:45:56       7    8.49    0.00    5.66    1.89    0.00    0.00    0.00    0.00    0.00   83.96
21:45:56       8    3.92    0.00    2.94    0.00    0.00    0.00    0.00    0.00    0.00   93.14
21:45:56       9    6.00    0.00    2.00    3.00    0.00    0.00    0.00    0.00    0.00   89.00
21:45:56      10    5.88    0.00    4.90    9.80    0.00    0.98    0.00    0.00    0.00   78.43
21:45:56      11    5.88    0.00    2.94    0.98    0.00    0.00    0.00    0.00    0.00   90.20
21:45:56      12    5.77    0.00    4.81    2.88    0.00    0.96    0.00    0.00    0.00   85.58
21:45:56      13    6.80    0.00    3.88    4.85    0.00    0.97    0.00    0.00    0.00   83.50
21:45:56      14   10.28    0.00    7.48    3.74    0.00    0.00    0.00    0.00    0.00   78.50
21:45:56      15    4.72    0.00    6.60    0.94    0.00    0.00    0.00    0.00    0.00   87.74
