Linux 7.0.0-1006-aws (ip-172-31-28-187) 	06/20/26 	_x86_64_	(16 CPU)

22:12:37     CPU    %usr   %nice    %sys %iowait    %irq   %soft  %steal  %guest  %gnice   %idle
22:12:38     all   48.45    0.00    5.14    0.00    0.00    0.38    0.00    0.00    0.00   46.04
22:12:38       0   39.18    0.00    4.12    0.00    0.00    0.00    0.00    0.00    0.00   56.70
22:12:38       1   47.47    0.00    5.05    0.00    0.00    0.00    0.00    0.00    0.00   47.47
22:12:38       2   41.84    0.00    4.08    0.00    0.00    1.02    0.00    0.00    0.00   53.06
22:12:38       3   50.51    0.00    3.03    0.00    0.00    0.00    0.00    0.00    0.00   46.46
22:12:38       4   52.53    0.00    4.04    0.00    0.00    0.00    0.00    0.00    0.00   43.43
22:12:38       5   47.96    0.00    2.04    0.00    0.00    0.00    0.00    0.00    0.00   50.00
22:12:38       6   63.64    0.00   26.26    0.00    0.00    1.01    0.00    0.00    0.00    9.09
22:12:38       7   55.56    0.00    3.03    0.00    0.00    0.00    0.00    0.00    0.00   41.41
22:12:38       8   40.82    0.00    5.10    0.00    0.00    1.02    0.00    0.00    0.00   53.06
22:12:38       9   51.52    0.00    3.03    0.00    0.00    1.01    0.00    0.00    0.00   44.44
22:12:38      10   42.42    0.00    5.05    0.00    0.00    1.01    0.00    0.00    0.00   51.52
22:12:38      11   49.49    0.00    2.02    0.00    0.00    0.00    0.00    0.00    0.00   48.48
22:12:38      12   46.39    0.00    6.19    0.00    0.00    0.00    0.00    0.00    0.00   47.42
22:12:38      13   55.56    0.00    3.03    0.00    0.00    0.00    0.00    0.00    0.00   41.41
22:12:38      14   41.84    0.00    3.06    0.00    0.00    1.02    0.00    0.00    0.00   54.08
22:12:38      15   48.00    0.00    3.00    0.00    0.00    0.00    0.00    0.00    0.00   49.00

22:12:38     CPU    %usr   %nice    %sys %iowait    %irq   %soft  %steal  %guest  %gnice   %idle
22:12:39     all   82.19    0.00    8.15    0.06    0.00    0.82    0.00    0.00    0.00    8.78
22:12:39       0   81.63    0.00   11.22    0.00    0.00    1.02    0.00    0.00    0.00    6.12
22:12:39       1   85.86    0.00    7.07    0.00    0.00    1.01    0.00    0.00    0.00    6.06
22:12:39       2   88.78    0.00    6.12    0.00    0.00    0.00    0.00    0.00    0.00    5.10
22:12:39       3   79.00    0.00   11.00    0.00    0.00    1.00    0.00    0.00    0.00    9.00
22:12:39       4   82.00    0.00    8.00    0.00    0.00    1.00    0.00    0.00    0.00    9.00
22:12:39       5   80.00    0.00    9.00    0.00    0.00    1.00    0.00    0.00    0.00   10.00
22:12:39       6   76.77    0.00    8.08    1.01    0.00    0.00    0.00    0.00    0.00   14.14
22:12:39       7   72.73    0.00   13.13    0.00    0.00    2.02    0.00    0.00    0.00   12.12
22:12:39       8   86.87    0.00    6.06    0.00    0.00    0.00    0.00    0.00    0.00    7.07
22:12:39       9   82.83    0.00    6.06    0.00    0.00    0.00    0.00    0.00    0.00   11.11
22:12:39      10   83.00    0.00   11.00    0.00    0.00    1.00    0.00    0.00    0.00    5.00
22:12:39      11   81.63    0.00   12.24    0.00    0.00    1.02    0.00    0.00    0.00    5.10
22:12:39      12   80.81    0.00    6.06    0.00    0.00    1.01    0.00    0.00    0.00   12.12
22:12:39      13   91.84    0.00    2.04    0.00    0.00    1.02    0.00    0.00    0.00    5.10
22:12:39      14   79.59    0.00    7.14    0.00    0.00    1.02    0.00    0.00    0.00   12.24
22:12:39      15   81.82    0.00    6.06    0.00    0.00    1.01    0.00    0.00    0.00   11.11

22:12:39     CPU    %usr   %nice    %sys %iowait    %irq   %soft  %steal  %guest  %gnice   %idle
22:12:40     all   84.61    0.00    7.44    0.25    0.00    1.26    0.06    0.00    0.00    6.37
22:12:40       0   87.00    0.00    7.00    1.00    0.00    1.00    0.00    0.00    0.00    4.00
22:12:40       1   88.89    0.00    4.04    0.00    0.00    1.01    0.00    0.00    0.00    6.06
22:12:40       2   80.81    0.00   10.10    0.00    0.00    1.01    1.01    0.00    0.00    7.07
22:12:40       3   76.29    0.00   11.34    0.00    0.00    2.06    0.00    0.00    0.00   10.31
22:12:40       4   97.98    0.00    1.01    0.00    0.00    0.00    0.00    0.00    0.00    1.01
22:12:40       5   77.78    0.00    8.08    1.01    0.00    2.02    0.00    0.00    0.00   11.11
22:12:40       6   82.65    0.00    6.12    0.00    0.00    2.04    0.00    0.00    0.00    9.18
22:12:40       7   85.00    0.00    7.00    1.00    0.00    1.00    0.00    0.00    0.00    6.00
22:12:40       8   83.67    0.00    6.12    0.00    0.00    2.04    0.00    0.00    0.00    8.16
22:12:40       9   88.78    0.00    3.06    0.00    0.00    1.02    0.00    0.00    0.00    7.14
22:12:40      10   78.79    0.00   14.14    0.00    0.00    1.01    0.00    0.00    0.00    6.06
22:12:40      11   82.00    0.00   11.00    0.00    0.00    2.00    0.00    0.00    0.00    5.00
22:12:40      12   89.00    0.00    7.00    0.00    0.00    0.00    0.00    0.00    0.00    4.00
22:12:40      13   93.00    0.00    4.00    0.00    0.00    1.00    0.00    0.00    0.00    2.00
22:12:40      14   82.18    0.00    8.91    0.99    0.00    0.99    0.00    0.00    0.00    6.93
22:12:40      15   79.59    0.00   10.20    0.00    0.00    2.04    0.00    0.00    0.00    8.16

22:12:40     CPU    %usr   %nice    %sys %iowait    %irq   %soft  %steal  %guest  %gnice   %idle
22:12:41     all   59.24    0.00   20.47    0.26    0.00    3.85    0.00    0.00    0.00   16.17
22:12:41       0   56.12    0.00   19.39    0.00    0.00    6.12    0.00    0.00    0.00   18.37
22:12:41       1   60.82    0.00   18.56    0.00    0.00    3.09    0.00    0.00    0.00   17.53
22:12:41       2   55.10    0.00   21.43    0.00    0.00    4.08    0.00    0.00    0.00   19.39
22:12:41       3   57.14    0.00   24.49    0.00    0.00    4.08    0.00    0.00    0.00   14.29
22:12:41       4   55.10    0.00   21.43    0.00    0.00    5.10    0.00    0.00    0.00   18.37
22:12:41       5   57.73    0.00   23.71    0.00    0.00    3.09    0.00    0.00    0.00   15.46
22:12:41       6   50.00    0.00   27.55    0.00    0.00    5.10    0.00    0.00    0.00   17.35
22:12:41       7   54.17    0.00   21.88    0.00    0.00    4.17    0.00    0.00    0.00   19.79
22:12:41       8   65.98    0.00   16.49    0.00    0.00    2.06    0.00    0.00    0.00   15.46
22:12:41       9   63.27    0.00   17.35    1.02    0.00    4.08    0.00    0.00    0.00   14.29
22:12:41      10   68.37    0.00   14.29    1.02    0.00    3.06    0.00    0.00    0.00   13.27
22:12:41      11   53.54    0.00   26.26    1.01    0.00    4.04    0.00    0.00    0.00   15.15
22:12:41      12   69.07    0.00   15.46    0.00    0.00    3.09    0.00    0.00    0.00   12.37
22:12:41      13   70.41    0.00   16.33    1.02    0.00    2.04    0.00    0.00    0.00   10.20
22:12:41      14   53.12    0.00   21.88    0.00    0.00    5.21    0.00    0.00    0.00   19.79
22:12:41      15   57.89    0.00   21.05    0.00    0.00    3.16    0.00    0.00    0.00   17.89

22:12:41     CPU    %usr   %nice    %sys %iowait    %irq   %soft  %steal  %guest  %gnice   %idle
22:12:42     all   49.12    0.00   22.31    0.26    0.00    3.85    0.00    0.00    0.00   24.46
22:12:42       0   45.74    0.00   25.53    0.00    0.00    3.19    0.00    0.00    0.00   25.53
22:12:42       1   46.39    0.00   22.68    1.03    0.00    3.09    0.00    0.00    0.00   26.80
22:12:42       2   57.58    0.00   15.15    1.01    0.00    4.04    0.00    0.00    0.00   22.22
22:12:42       3   43.88    0.00   24.49    1.02    0.00    4.08    0.00    0.00    0.00   26.53
22:12:42       4   45.65    0.00   25.00    0.00    0.00    3.26    0.00    0.00    0.00   26.09
22:12:42       5   47.92    0.00   21.88    0.00    0.00    4.17    0.00    0.00    0.00   26.04
22:12:42       6   47.37    0.00   26.32    0.00    0.00    3.16    0.00    0.00    0.00   23.16
22:12:42       7   42.11    0.00   24.21    0.00    0.00    5.26    0.00    0.00    0.00   28.42
22:12:42       8   48.96    0.00   20.83    0.00    0.00    5.21    0.00    0.00    0.00   25.00
22:12:42       9   44.68    0.00   22.34    0.00    0.00    4.26    0.00    0.00    0.00   28.72
22:12:42      10   77.78    0.00   12.12    0.00    0.00    2.02    0.00    0.00    0.00    8.08
22:12:42      11   50.00    0.00   22.34    0.00    0.00    2.13    0.00    0.00    0.00   25.53
22:12:42      12   44.79    0.00   21.88    0.00    0.00    5.21    0.00    0.00    0.00   28.12
22:12:42      13   42.71    0.00   25.00    0.00    0.00    5.21    0.00    0.00    0.00   27.08
22:12:42      14   43.75    0.00   30.21    0.00    0.00    3.12    0.00    0.00    0.00   22.92
22:12:42      15   55.21    0.00   17.71    1.04    0.00    4.17    0.00    0.00    0.00   21.88

22:12:42     CPU    %usr   %nice    %sys %iowait    %irq   %soft  %steal  %guest  %gnice   %idle
22:12:43     all   48.18    0.00   22.89    0.13    0.00    4.28    0.00    0.00    0.00   24.51
22:12:43       0   45.36    0.00   23.71    1.03    0.00    5.15    0.00    0.00    0.00   24.74
22:12:43       1   48.98    0.00   26.53    0.00    0.00    4.08    0.00    0.00    0.00   20.41
22:12:43       2   46.81    0.00   21.28    0.00    0.00    4.26    0.00    0.00    0.00   27.66
22:12:43       3   44.79    0.00   23.96    0.00    0.00    5.21    0.00    0.00    0.00   26.04
22:12:43       4   51.55    0.00   18.56    1.03    0.00    4.12    0.00    0.00    0.00   24.74
22:12:43       5   45.83    0.00   22.92    0.00    0.00    4.17    0.00    0.00    0.00   27.08
22:12:43       6   48.42    0.00   23.16    0.00    0.00    3.16    0.00    0.00    0.00   25.26
22:12:43       7   54.74    0.00   17.89    0.00    0.00    3.16    0.00    0.00    0.00   24.21
22:12:43       8   45.92    0.00   25.51    0.00    0.00    5.10    0.00    0.00    0.00   23.47
22:12:43       9   41.84    0.00   29.59    0.00    0.00    5.10    0.00    0.00    0.00   23.47
22:12:43      10   45.83    0.00   21.88    0.00    0.00    4.17    0.00    0.00    0.00   28.12
22:12:43      11   42.27    0.00   29.90    0.00    0.00    4.12    0.00    0.00    0.00   23.71
22:12:43      12   44.79    0.00   23.96    0.00    0.00    4.17    0.00    0.00    0.00   27.08
22:12:43      13   47.37    0.00   23.16    0.00    0.00    4.21    0.00    0.00    0.00   25.26
22:12:43      14   41.05    0.00   24.21    0.00    0.00    6.32    0.00    0.00    0.00   28.42
22:12:43      15   74.75    0.00   10.10    0.00    0.00    2.02    0.00    0.00    0.00   13.13

22:12:43     CPU    %usr   %nice    %sys %iowait    %irq   %soft  %steal  %guest  %gnice   %idle
22:12:44     all   51.58    0.00   22.85    0.32    0.00    4.52    0.00    0.00    0.00   20.72
22:12:44       0   58.16    0.00   18.37    0.00    0.00    4.08    0.00    0.00    0.00   19.39
22:12:44       1   54.64    0.00   22.68    0.00    0.00    4.12    0.00    0.00    0.00   18.56
22:12:44       2   45.26    0.00   23.16    0.00    0.00    5.26    0.00    0.00    0.00   26.32
22:12:44       3   53.12    0.00   23.96    0.00    0.00    4.17    0.00    0.00    0.00   18.75
22:12:44       4   44.44    0.00   27.27    0.00    0.00    5.05    0.00    0.00    0.00   23.23
22:12:44       5   55.21    0.00   19.79    1.04    0.00    4.17    0.00    0.00    0.00   19.79
22:12:44       6   44.33    0.00   27.84    1.03    0.00    4.12    0.00    0.00    0.00   22.68
22:12:44       7   40.21    0.00   26.80    1.03    0.00    6.19    0.00    0.00    0.00   25.77
22:12:44       8   45.74    0.00   26.60    1.06    0.00    4.26    0.00    0.00    0.00   22.34
22:12:44       9   46.32    0.00   26.32    0.00    0.00    5.26    0.00    0.00    0.00   22.11
22:12:44      10   47.92    0.00   22.92    0.00    0.00    5.21    0.00    0.00    0.00   23.96
22:12:44      11   48.98    0.00   22.45    0.00    0.00    5.10    0.00    0.00    0.00   23.47
22:12:44      12   45.83    0.00   27.08    1.04    0.00    4.17    0.00    0.00    0.00   21.88
22:12:44      13   46.39    0.00   26.80    0.00    0.00    5.15    0.00    0.00    0.00   21.65
22:12:44      14   46.94    0.00   24.49    0.00    0.00    6.12    0.00    0.00    0.00   22.45
22:12:44      15  100.00    0.00    0.00    0.00    0.00    0.00    0.00    0.00    0.00    0.00

22:12:44     CPU    %usr   %nice    %sys %iowait    %irq   %soft  %steal  %guest  %gnice   %idle
22:12:45     all   46.14    0.00   21.45    0.13    0.00    4.29    0.00    0.00    0.00   27.99
22:12:45       0   52.63    0.00   21.05    0.00    0.00    3.16    0.00    0.00    0.00   23.16
22:12:45       1   54.17    0.00   14.58    0.00    0.00    4.17    0.00    0.00    0.00   27.08
22:12:45       2   33.33    0.00   25.81    0.00    0.00    6.45    0.00    0.00    0.00   34.41
22:12:45       3   46.88    0.00   25.00    0.00    0.00    3.12    0.00    0.00    0.00   25.00
22:12:45       4   40.43    0.00   26.60    0.00    0.00    3.19    0.00    0.00    0.00   29.79
22:12:45       5   54.17    0.00   19.79    0.00    0.00    3.12    0.00    0.00    0.00   22.92
22:12:45       6   35.79    0.00   27.37    0.00    0.00    5.26    0.00    0.00    0.00   31.58
22:12:45       7   41.94    0.00   19.35    0.00    0.00    4.30    0.00    0.00    0.00   34.41
22:12:45       8   65.31    0.00   17.35    0.00    0.00    3.06    0.00    0.00    0.00   14.29
22:12:45       9   53.19    0.00   15.96    0.00    0.00    4.26    0.00    0.00    0.00   26.60
22:12:45      10   39.36    0.00   24.47    0.00    0.00    6.38    0.00    0.00    0.00   29.79
22:12:45      11   40.86    0.00   20.43    1.08    0.00    5.38    0.00    0.00    0.00   32.26
22:12:45      12   47.37    0.00   20.00    0.00    0.00    4.21    0.00    0.00    0.00   28.42
22:12:45      13   42.71    0.00   22.92    0.00    0.00    5.21    0.00    0.00    0.00   29.17
22:12:45      14   42.55    0.00   24.47    1.06    0.00    3.19    0.00    0.00    0.00   28.72
22:12:45      15   46.24    0.00   18.28    0.00    0.00    4.30    0.00    0.00    0.00   31.18

22:12:45     CPU    %usr   %nice    %sys %iowait    %irq   %soft  %steal  %guest  %gnice   %idle
22:12:46     all   52.30    0.00   19.42    0.45    0.00    4.47    0.00    0.00    0.00   23.37
22:12:46       0   46.81    0.00   18.09    0.00    0.00    5.32    0.00    0.00    0.00   29.79
22:12:46       1   47.92    0.00   20.83    0.00    0.00    5.21    0.00    0.00    0.00   26.04
22:12:46       2   48.96    0.00   18.75    1.04    0.00    5.21    0.00    0.00    0.00   26.04
22:12:46       3   53.61    0.00   18.56    1.03    0.00    4.12    0.00    0.00    0.00   22.68
22:12:46       4   47.37    0.00   20.00    1.05    0.00    5.26    0.00    0.00    0.00   26.32
22:12:46       5   48.45    0.00   21.65    0.00    0.00    4.12    0.00    0.00    0.00   25.77
22:12:46       6   48.98    0.00   28.57    0.00    0.00    4.08    0.00    0.00    0.00   18.37
22:12:46       7   44.33    0.00   28.87    0.00    0.00    4.12    0.00    0.00    0.00   22.68
22:12:46       8  100.00    0.00    0.00    0.00    0.00    0.00    0.00    0.00    0.00    0.00
22:12:46       9   50.00    0.00   16.67    1.04    0.00    5.21    0.00    0.00    0.00   27.08
22:12:46      10   48.42    0.00   18.95    1.05    0.00    4.21    0.00    0.00    0.00   27.37
22:12:46      11   48.42    0.00   18.95    0.00    0.00    5.26    0.00    0.00    0.00   27.37
22:12:46      12   50.52    0.00   17.53    1.03    0.00    5.15    0.00    0.00    0.00   25.77
22:12:46      13   50.00    0.00   16.33    1.02    0.00    5.10    0.00    0.00    0.00   27.55
22:12:46      14   53.61    0.00   24.74    0.00    0.00    4.12    0.00    0.00    0.00   17.53
22:12:46      15   47.42    0.00   22.68    0.00    0.00    5.15    0.00    0.00    0.00   24.74

22:12:46     CPU    %usr   %nice    %sys %iowait    %irq   %soft  %steal  %guest  %gnice   %idle
22:12:47     all   47.92    0.00   20.55    0.26    0.00    4.23    0.00    0.00    0.00   27.05
22:12:47       0   54.08    0.00   17.35    1.02    0.00    4.08    0.00    0.00    0.00   23.47
22:12:47       1   41.05    0.00   23.16    1.05    0.00    5.26    0.00    0.00    0.00   29.47
22:12:47       2   41.49    0.00   22.34    0.00    0.00    4.26    0.00    0.00    0.00   31.91
22:12:47       3   47.87    0.00   21.28    0.00    0.00    4.26    0.00    0.00    0.00   26.60
22:12:47       4   46.94    0.00   19.39    0.00    0.00    7.14    0.00    0.00    0.00   26.53
22:12:47       5   43.75    0.00   18.75    1.04    0.00    5.21    0.00    0.00    0.00   31.25
22:12:47       6   40.62    0.00   20.83    0.00    0.00    5.21    0.00    0.00    0.00   33.33
22:12:47       7   47.47    0.00   24.24    1.01    0.00    3.03    0.00    0.00    0.00   24.24
22:12:47       8   86.00    0.00    5.00    0.00    0.00    1.00    0.00    0.00    0.00    8.00
22:12:47       9   42.55    0.00   21.28    0.00    0.00    4.26    0.00    0.00    0.00   31.91
22:12:47      10   42.86    0.00   20.41    0.00    0.00    5.10    0.00    0.00    0.00   31.63
22:12:47      11   41.49    0.00   30.85    0.00    0.00    3.19    0.00    0.00    0.00   24.47
22:12:47      12   43.01    0.00   23.66    0.00    0.00    3.23    0.00    0.00    0.00   30.11
22:12:47      13   49.47    0.00   17.89    0.00    0.00    4.21    0.00    0.00    0.00   28.42
22:12:47      14   49.48    0.00   18.56    0.00    0.00    5.15    0.00    0.00    0.00   26.80
22:12:47      15   46.39    0.00   24.74    0.00    0.00    3.09    0.00    0.00    0.00   25.77

22:12:47     CPU    %usr   %nice    %sys %iowait    %irq   %soft  %steal  %guest  %gnice   %idle
22:12:48     all   51.11    0.00   19.45    0.20    0.00    4.96    0.00    0.00    0.00   24.28
22:12:48       0  100.00    0.00    0.00    0.00    0.00    0.00    0.00    0.00    0.00    0.00
22:12:48       1   46.39    0.00   26.80    0.00    0.00    4.12    0.00    0.00    0.00   22.68
22:12:48       2   45.74    0.00   20.21    0.00    0.00    6.38    0.00    0.00    0.00   27.66
22:12:48       3   50.53    0.00   18.95    0.00    0.00    6.32    0.00    0.00    0.00   24.21
22:12:48       4   41.49    0.00   30.85    0.00    0.00    4.26    0.00    0.00    0.00   23.40
22:12:48       5   43.75    0.00   23.96    0.00    0.00    5.21    0.00    0.00    0.00   27.08
22:12:48       6   43.16    0.00   18.95    1.05    0.00    6.32    0.00    0.00    0.00   30.53
22:12:48       7   46.81    0.00   19.15    0.00    0.00    4.26    0.00    0.00    0.00   29.79
22:12:48       8   47.87    0.00   20.21    0.00    0.00    4.26    0.00    0.00    0.00   27.66
22:12:48       9   50.00    0.00   18.75    0.00    0.00    6.25    0.00    0.00    0.00   25.00
22:12:48      10   47.96    0.00   20.41    0.00    0.00    7.14    0.00    0.00    0.00   24.49
22:12:48      11   48.94    0.00   17.02    0.00    0.00    6.38    0.00    0.00    0.00   27.66
22:12:48      12   48.45    0.00   22.68    0.00    0.00    4.12    0.00    0.00    0.00   24.74
22:12:48      13   65.98    0.00   13.40    0.00    0.00    3.09    0.00    0.00    0.00   17.53
22:12:48      14   41.49    0.00   22.34    1.06    0.00    5.32    0.00    0.00    0.00   29.79
22:12:48      15   46.39    0.00   18.56    1.03    0.00    6.19    0.00    0.00    0.00   27.84

22:12:48     CPU    %usr   %nice    %sys %iowait    %irq   %soft  %steal  %guest  %gnice   %idle
22:12:49     all   51.26    0.00   20.19    0.39    0.00    4.27    0.00    0.00    0.00   23.88
22:12:49       0  100.00    0.00    0.00    0.00    0.00    0.00    0.00    0.00    0.00    0.00
22:12:49       1   53.12    0.00   18.75    0.00    0.00    3.12    0.00    0.00    0.00   25.00
22:12:49       2   46.32    0.00   21.05    0.00    0.00    4.21    0.00    0.00    0.00   28.42
22:12:49       3   47.37    0.00   21.05    1.05    0.00    4.21    0.00    0.00    0.00   26.32
22:12:49       4   53.06    0.00   18.37    0.00    0.00    4.08    0.00    0.00    0.00   24.49
22:12:49       5   40.21    0.00   22.68    0.00    0.00    7.22    0.00    0.00    0.00   29.90
22:12:49       6   44.21    0.00   23.16    0.00    0.00    5.26    0.00    0.00    0.00   27.37
22:12:49       7   47.96    0.00   22.45    0.00    0.00    5.10    0.00    0.00    0.00   24.49
22:12:49       8   43.30    0.00   35.05    0.00    0.00    3.09    0.00    0.00    0.00   18.56
22:12:49       9   54.64    0.00   15.46    1.03    0.00    4.12    0.00    0.00    0.00   24.74
22:12:49      10   43.75    0.00   22.92    1.04    0.00    5.21    0.00    0.00    0.00   27.08
22:12:49      11   45.36    0.00   26.80    1.03    0.00    4.12    0.00    0.00    0.00   22.68
22:12:49      12   50.00    0.00   19.79    1.04    0.00    4.17    0.00    0.00    0.00   25.00
22:12:49      13   43.75    0.00   19.79    1.04    0.00    5.21    0.00    0.00    0.00   30.21
22:12:49      14   63.54    0.00   12.50    0.00    0.00    3.12    0.00    0.00    0.00   20.83
22:12:49      15   41.67    0.00   23.96    0.00    0.00    6.25    0.00    0.00    0.00   28.12

22:12:49     CPU    %usr   %nice    %sys %iowait    %irq   %soft  %steal  %guest  %gnice   %idle
22:12:50     all   47.58    0.00   21.28    0.26    0.00    4.44    0.00    0.00    0.00   26.44
22:12:50       0   96.00    0.00    3.00    0.00    0.00    0.00    0.00    0.00    0.00    1.00
22:12:50       1   44.68    0.00   21.28    0.00    0.00    4.26    0.00    0.00    0.00   29.79
22:12:50       2   45.26    0.00   18.95    1.05    0.00    4.21    0.00    0.00    0.00   30.53
22:12:50       3   42.27    0.00   29.90    0.00    0.00    5.15    0.00    0.00    0.00   22.68
22:12:50       4   46.39    0.00   19.59    1.03    0.00    4.12    0.00    0.00    0.00   28.87
22:12:50       5   42.86    0.00   21.43    0.00    0.00    5.10    0.00    0.00    0.00   30.61
22:12:50       6   46.39    0.00   26.80    0.00    0.00    3.09    0.00    0.00    0.00   23.71
22:12:50       7   44.68    0.00   25.53    1.06    0.00    4.26    0.00    0.00    0.00   24.47
22:12:50       8   39.36    0.00   19.15    1.06    0.00    6.38    0.00    0.00    0.00   34.04
22:12:50       9   43.75    0.00   19.79    0.00    0.00    7.29    0.00    0.00    0.00   29.17
22:12:50      10   42.11    0.00   23.16    0.00    0.00    4.21    0.00    0.00    0.00   30.53
22:12:50      11   42.71    0.00   27.08    0.00    0.00    4.17    0.00    0.00    0.00   26.04
22:12:50      12   47.31    0.00   20.43    0.00    0.00    5.38    0.00    0.00    0.00   26.88
22:12:50      13   46.88    0.00   20.83    0.00    0.00    5.21    0.00    0.00    0.00   27.08
22:12:50      14   43.30    0.00   24.74    0.00    0.00    4.12    0.00    0.00    0.00   27.84
22:12:50      15   45.16    0.00   19.35    0.00    0.00    4.30    0.00    0.00    0.00   31.18

22:12:50     CPU    %usr   %nice    %sys %iowait    %irq   %soft  %steal  %guest  %gnice   %idle
22:12:51     all   57.92    0.00   17.97    0.19    0.00    4.01    0.00    0.00    0.00   19.91
22:12:51       0   63.27    0.00   14.29    0.00    0.00    4.08    0.00    0.00    0.00   18.37
22:12:51       1   51.52    0.00   18.18    1.01    0.00    6.06    0.00    0.00    0.00   23.23
22:12:51       2   48.45    0.00   23.71    0.00    0.00    5.15    0.00    0.00    0.00   22.68
22:12:51       3   52.08    0.00   20.83    0.00    0.00    4.17    0.00    0.00    0.00   22.92
22:12:51       4   55.10    0.00   18.37    0.00    0.00    5.10    0.00    0.00    0.00   21.43
22:12:51       5   47.42    0.00   23.71    1.03    0.00    4.12    0.00    0.00    0.00   23.71
22:12:51       6   53.68    0.00   26.32    1.05    0.00    2.11    0.00    0.00    0.00   16.84
22:12:51       7   72.16    0.00    9.28    0.00    0.00    3.09    0.00    0.00    0.00   15.46
22:12:51       8   89.00    0.00    5.00    0.00    0.00    1.00    0.00    0.00    0.00    5.00
22:12:51       9   57.29    0.00   15.62    0.00    0.00    4.17    0.00    0.00    0.00   22.92
22:12:51      10   51.04    0.00   19.79    0.00    0.00    5.21    0.00    0.00    0.00   23.96
22:12:51      11   57.73    0.00   21.65    0.00    0.00    3.09    0.00    0.00    0.00   17.53
22:12:51      12   62.50    0.00   14.58    0.00    0.00    3.12    0.00    0.00    0.00   19.79
22:12:51      13   46.81    0.00   23.40    0.00    0.00    5.32    0.00    0.00    0.00   24.47
22:12:51      14   69.47    0.00   13.68    0.00    0.00    2.11    0.00    0.00    0.00   14.74
22:12:51      15   47.92    0.00   19.79    0.00    0.00    6.25    0.00    0.00    0.00   26.04

22:12:51     CPU    %usr   %nice    %sys %iowait    %irq   %soft  %steal  %guest  %gnice   %idle
22:12:52     all   51.94    0.00   19.47    0.32    0.00    4.92    0.00    0.00    0.00   23.35
22:12:52       0   54.08    0.00   18.37    0.00    0.00    5.10    0.00    0.00    0.00   22.45
22:12:52       1   44.33    0.00   20.62    0.00    0.00    7.22    0.00    0.00    0.00   27.84
22:12:52       2   49.46    0.00   19.35    0.00    0.00    5.38    0.00    0.00    0.00   25.81
22:12:52       3   47.42    0.00   19.59    1.03    0.00    5.15    0.00    0.00    0.00   26.80
22:12:52       4   45.83    0.00   19.79    0.00    0.00    6.25    0.00    0.00    0.00   28.12
22:12:52       5   54.17    0.00   17.71    0.00    0.00    4.17    0.00    0.00    0.00   23.96
22:12:52       6   51.55    0.00   20.62    0.00    0.00    6.19    0.00    0.00    0.00   21.65
22:12:52       7   47.92    0.00   22.92    0.00    0.00    5.21    0.00    0.00    0.00   23.96
22:12:52       8  100.00    0.00    0.00    0.00    0.00    0.00    0.00    0.00    0.00    0.00
22:12:52       9   44.79    0.00   20.83    0.00    0.00    5.21    0.00    0.00    0.00   29.17
22:12:52      10   54.64    0.00   16.49    1.03    0.00    5.15    0.00    0.00    0.00   22.68
22:12:52      11   46.81    0.00   19.15    0.00    0.00    5.32    0.00    0.00    0.00   28.72
22:12:52      12   42.27    0.00   26.80    0.00    0.00    6.19    0.00    0.00    0.00   24.74
22:12:52      13   47.47    0.00   27.27    1.01    0.00    4.04    0.00    0.00    0.00   20.20
22:12:52      14   46.88    0.00   22.92    1.04    0.00    5.21    0.00    0.00    0.00   23.96
22:12:52      15   51.55    0.00   19.59    1.03    0.00    3.09    0.00    0.00    0.00   24.74

22:12:52     CPU    %usr   %nice    %sys %iowait    %irq   %soft  %steal  %guest  %gnice   %idle
22:12:53     all   48.35    0.00   20.82    0.33    0.00    4.68    0.00    0.00    0.00   25.82
22:12:53       0   48.94    0.00   20.21    0.00    0.00    3.19    0.00    0.00    0.00   27.66
22:12:53       1   48.94    0.00   17.02    0.00    0.00    5.32    0.00    0.00    0.00   28.72
22:12:53       2   42.71    0.00   19.79    1.04    0.00    6.25    0.00    0.00    0.00   30.21
22:12:53       3   44.68    0.00   20.21    0.00    0.00    5.32    0.00    0.00    0.00   29.79
22:12:53       4   48.42    0.00   20.00    1.05    0.00    4.21    0.00    0.00    0.00   26.32
22:12:53       5   41.67    0.00   28.12    0.00    0.00    5.21    0.00    0.00    0.00   25.00
22:12:53       6   45.16    0.00   24.73    0.00    0.00    4.30    0.00    0.00    0.00   25.81
22:12:53       7   50.52    0.00   19.59    0.00    0.00    6.19    0.00    0.00    0.00   23.71
22:12:53       8   83.51    0.00    8.25    0.00    0.00    1.03    0.00    0.00    0.00    7.22
22:12:53       9   44.79    0.00   25.00    1.04    0.00    5.21    0.00    0.00    0.00   23.96
22:12:53      10   50.53    0.00   17.89    0.00    0.00    4.21    0.00    0.00    0.00   27.37
22:12:53      11   44.21    0.00   20.00    1.05    0.00    5.26    0.00    0.00    0.00   29.47
22:12:53      12   44.21    0.00   22.11    1.05    0.00    4.21    0.00    0.00    0.00   28.42
22:12:53      13   44.68    0.00   22.34    0.00    0.00    6.38    0.00    0.00    0.00   26.60
22:12:53      14   44.68    0.00   22.34    0.00    0.00    4.26    0.00    0.00    0.00   28.72
22:12:53      15   45.16    0.00   25.81    0.00    0.00    4.30    0.00    0.00    0.00   24.73

22:12:53     CPU    %usr   %nice    %sys %iowait    %irq   %soft  %steal  %guest  %gnice   %idle
22:12:54     all   48.93    0.00   19.77    0.26    0.00    4.41    0.00    0.00    0.00   26.64
22:12:54       0   41.84    0.00   32.65    1.02    0.00    3.06    0.00    0.00    0.00   21.43
22:12:54       1   43.88    0.00   20.41    1.02    0.00    4.08    0.00    0.00    0.00   30.61
22:12:54       2   39.18    0.00   26.80    0.00    0.00    5.15    0.00    0.00    0.00   28.87
22:12:54       3   48.96    0.00   17.71    0.00    0.00    5.21    0.00    0.00    0.00   28.12
22:12:54       4   45.26    0.00   18.95    0.00    0.00    5.26    0.00    0.00    0.00   30.53
22:12:54       5   44.79    0.00   20.83    1.04    0.00    5.21    0.00    0.00    0.00   28.12
22:12:54       6   51.06    0.00   19.15    0.00    0.00    4.26    0.00    0.00    0.00   25.53
22:12:54       7   44.33    0.00   19.59    1.03    0.00    5.15    0.00    0.00    0.00   29.90
22:12:54       8   41.05    0.00   25.26    0.00    0.00    6.32    0.00    0.00    0.00   27.37
22:12:54       9   48.42    0.00   18.95    0.00    0.00    3.16    0.00    0.00    0.00   29.47
22:12:54      10  100.00    0.00    0.00    0.00    0.00    0.00    0.00    0.00    0.00    0.00
22:12:54      11   42.71    0.00   18.75    0.00    0.00    6.25    0.00    0.00    0.00   32.29
22:12:54      12   45.92    0.00   18.37    0.00    0.00    6.12    0.00    0.00    0.00   29.59
22:12:54      13   51.04    0.00   16.67    0.00    0.00    4.17    0.00    0.00    0.00   28.12
22:12:54      14   45.83    0.00   22.92    0.00    0.00    4.17    0.00    0.00    0.00   27.08
22:12:54      15   46.88    0.00   19.79    0.00    0.00    3.12    0.00    0.00    0.00   30.21

22:12:54     CPU    %usr   %nice    %sys %iowait    %irq   %soft  %steal  %guest  %gnice   %idle
22:12:55     all   49.51    0.00   20.08    0.26    0.00    4.45    0.00    0.00    0.00   25.70
22:12:55       0   45.74    0.00   20.21    0.00    0.00    4.26    0.00    0.00    0.00   29.79
22:12:55       1   42.86    0.00   31.63    0.00    0.00    4.08    0.00    0.00    0.00   21.43
22:12:55       2   55.67    0.00   16.49    0.00    0.00    4.12    0.00    0.00    0.00   23.71
22:12:55       3   47.37    0.00   17.89    1.05    0.00    5.26    0.00    0.00    0.00   28.42
22:12:55       4   44.79    0.00   22.92    0.00    0.00    6.25    0.00    0.00    0.00   26.04
22:12:55       5   48.96    0.00   17.71    0.00    0.00    6.25    0.00    0.00    0.00   27.08
22:12:55       6   39.39    0.00   24.24    1.01    0.00    6.06    0.00    0.00    0.00   29.29
22:12:55       7   47.37    0.00   18.95    0.00    0.00    5.26    0.00    0.00    0.00   28.42
22:12:55       8   41.49    0.00   22.34    0.00    0.00    4.26    0.00    0.00    0.00   31.91
22:12:55       9   44.21    0.00   24.21    0.00    0.00    4.21    0.00    0.00    0.00   27.37
22:12:55      10   64.21    0.00   12.63    0.00    0.00    2.11    0.00    0.00    0.00   21.05
22:12:55      11   47.87    0.00   19.15    0.00    0.00    4.26    0.00    0.00    0.00   28.72
22:12:55      12   41.05    0.00   32.63    0.00    0.00    3.16    0.00    0.00    0.00   23.16
22:12:55      13   48.94    0.00   18.09    1.06    0.00    4.26    0.00    0.00    0.00   27.66
22:12:55      14   46.24    0.00   17.20    1.08    0.00    5.38    0.00    0.00    0.00   30.11
22:12:55      15   84.85    0.00    5.05    0.00    0.00    2.02    0.00    0.00    0.00    8.08

22:12:55     CPU    %usr   %nice    %sys %iowait    %irq   %soft  %steal  %guest  %gnice   %idle
22:12:56     all   48.85    0.00   19.99    0.33    0.00    4.21    0.00    0.00    0.00   26.63
22:12:56       0   45.26    0.00   22.11    0.00    0.00    4.21    0.00    0.00    0.00   28.42
22:12:56       1   40.86    0.00   26.88    0.00    0.00    4.30    0.00    0.00    0.00   27.96
22:12:56       2   41.94    0.00   19.35    0.00    0.00    5.38    0.00    0.00    0.00   33.33
22:12:56       3   43.16    0.00   21.05    0.00    0.00    5.26    0.00    0.00    0.00   30.53
22:12:56       4   45.74    0.00   19.15    1.06    0.00    4.26    0.00    0.00    0.00   29.79
22:12:56       5   44.68    0.00   19.15    1.06    0.00    4.26    0.00    0.00    0.00   30.85
22:12:56       6   45.65    0.00   19.57    0.00    0.00    5.43    0.00    0.00    0.00   29.35
22:12:56       7   65.62    0.00   16.67    0.00    0.00    1.04    0.00    0.00    0.00   16.67
22:12:56       8   44.79    0.00   19.79    1.04    0.00    5.21    0.00    0.00    0.00   29.17
22:12:56       9   40.00    0.00   22.11    1.05    0.00    5.26    0.00    0.00    0.00   31.58
22:12:56      10   41.67    0.00   20.83    0.00    0.00    6.25    0.00    0.00    0.00   31.25
22:12:56      11   44.33    0.00   22.68    0.00    0.00    5.15    0.00    0.00    0.00   27.84
22:12:56      12   46.88    0.00   19.79    1.04    0.00    4.17    0.00    0.00    0.00   28.12
22:12:56      13   47.87    0.00   18.09    0.00    0.00    4.26    0.00    0.00    0.00   29.79
22:12:56      14   41.05    0.00   32.63    0.00    0.00    3.16    0.00    0.00    0.00   23.16
22:12:56      15   99.00    0.00    1.00    0.00    0.00    0.00    0.00    0.00    0.00    0.00

22:12:56     CPU    %usr   %nice    %sys %iowait    %irq   %soft  %steal  %guest  %gnice   %idle
22:12:57     all   47.51    0.00   19.62    0.33    0.00    4.66    0.00    0.00    0.00   27.89
22:12:57       0   44.68    0.00   18.09    0.00    0.00    5.32    0.00    0.00    0.00   31.91
22:12:57       1   44.21    0.00   22.11    1.05    0.00    4.21    0.00    0.00    0.00   28.42
22:12:57       2   43.30    0.00   20.62    1.03    0.00    5.15    0.00    0.00    0.00   29.90
22:12:57       3   42.71    0.00   32.29    0.00    0.00    4.17    0.00    0.00    0.00   20.83
22:12:57       4   48.42    0.00   13.68    0.00    0.00    6.32    0.00    0.00    0.00   31.58
22:12:57       5   43.62    0.00   18.09    0.00    0.00    6.38    0.00    0.00    0.00   31.91
22:12:57       6   45.92    0.00   18.37    1.02    0.00    4.08    0.00    0.00    0.00   30.61
22:12:57       7   41.05    0.00   22.11    0.00    0.00    4.21    0.00    0.00    0.00   32.63
22:12:57       8   39.78    0.00   21.51    0.00    0.00    4.30    0.00    0.00    0.00   34.41
22:12:57       9   49.46    0.00   19.35    0.00    0.00    4.30    0.00    0.00    0.00   26.88
22:12:57      10   43.62    0.00   18.09    1.06    0.00    5.32    0.00    0.00    0.00   31.91
22:12:57      11   40.62    0.00   28.12    1.04    0.00    5.21    0.00    0.00    0.00   25.00
22:12:57      12   41.67    0.00   18.75    0.00    0.00    6.25    0.00    0.00    0.00   33.33
22:12:57      13   44.44    0.00   17.78    0.00    0.00    5.56    0.00    0.00    0.00   32.22
22:12:57      14   43.88    0.00   25.51    0.00    0.00    4.08    0.00    0.00    0.00   26.53
22:12:57      15  100.00    0.00    0.00    0.00    0.00    0.00    0.00    0.00    0.00    0.00

22:12:57     CPU    %usr   %nice    %sys %iowait    %irq   %soft  %steal  %guest  %gnice   %idle
22:12:58     all   46.26    0.00   19.75    0.26    0.00    4.40    0.00    0.00    0.00   29.33
22:12:58       0   43.62    0.00   19.15    1.06    0.00    5.32    0.00    0.00    0.00   30.85
22:12:58       1   43.16    0.00   17.89    0.00    0.00    6.32    0.00    0.00    0.00   32.63
22:12:58       2   45.74    0.00   17.02    0.00    0.00    4.26    0.00    0.00    0.00   32.98
22:12:58       3   41.49    0.00   18.09    1.06    0.00    4.26    0.00    0.00    0.00   35.11
22:12:58       4   44.68    0.00   21.28    0.00    0.00    3.19    0.00    0.00    0.00   30.85
22:12:58       5   45.26    0.00   17.89    0.00    0.00    4.21    0.00    0.00    0.00   32.63
22:12:58       6   43.75    0.00   18.75    0.00    0.00    5.21    0.00    0.00    0.00   32.29
22:12:58       7   35.79    0.00   32.63    1.05    0.00    4.21    0.00    0.00    0.00   26.32
22:12:58       8   43.75    0.00   19.79    0.00    0.00    5.21    0.00    0.00    0.00   31.25
22:12:58       9   41.05    0.00   22.11    0.00    0.00    5.26    0.00    0.00    0.00   31.58
22:12:58      10   44.21    0.00   20.00    0.00    0.00    4.21    0.00    0.00    0.00   31.58
22:12:58      11   40.43    0.00   23.40    0.00    0.00    4.26    0.00    0.00    0.00   31.91
22:12:58      12   42.55    0.00   19.15    0.00    0.00    6.38    0.00    0.00    0.00   31.91
22:12:58      13   41.24    0.00   22.68    1.03    0.00    4.12    0.00    0.00    0.00   30.93
22:12:58      14   40.62    0.00   27.08    0.00    0.00    4.17    0.00    0.00    0.00   28.12
22:12:58      15  100.00    0.00    0.00    0.00    0.00    0.00    0.00    0.00    0.00    0.00

22:12:58     CPU    %usr   %nice    %sys %iowait    %irq   %soft  %steal  %guest  %gnice   %idle
22:12:59     all   47.31    0.00   19.84    0.26    0.00    4.73    0.00    0.00    0.00   27.86
22:12:59       0   43.48    0.00   18.48    0.00    0.00    5.43    0.00    0.00    0.00   32.61
22:12:59       1   41.49    0.00   19.15    1.06    0.00    4.26    0.00    0.00    0.00   34.04
22:12:59       2   41.67    0.00   29.17    0.00    0.00    5.21    0.00    0.00    0.00   23.96
22:12:59       3   46.81    0.00   17.02    0.00    0.00    5.32    0.00    0.00    0.00   30.85
22:12:59       4   40.21    0.00   28.87    1.03    0.00    4.12    0.00    0.00    0.00   25.77
22:12:59       5   43.30    0.00   25.77    0.00    0.00    5.15    0.00    0.00    0.00   25.77
22:12:59       6   47.83    0.00   16.30    0.00    0.00    4.35    0.00    0.00    0.00   31.52
22:12:59       7   48.98    0.00   17.35    0.00    0.00    4.08    0.00    0.00    0.00   29.59
22:12:59       8   42.71    0.00   19.79    1.04    0.00    4.17    0.00    0.00    0.00   32.29
22:12:59       9   41.05    0.00   20.00    0.00    0.00    6.32    0.00    0.00    0.00   32.63
22:12:59      10   45.74    0.00   19.15    0.00    0.00    5.32    0.00    0.00    0.00   29.79
22:12:59      11   43.48    0.00   17.39    0.00    0.00    6.52    0.00    0.00    0.00   32.61
22:12:59      12   46.88    0.00   20.83    0.00    0.00    4.17    0.00    0.00    0.00   28.12
22:12:59      13   42.39    0.00   25.00    0.00    0.00    5.43    0.00    0.00    0.00   27.17
22:12:59      14   38.14    0.00   23.71    1.03    0.00    6.19    0.00    0.00    0.00   30.93
22:12:59      15  100.00    0.00    0.00    0.00    0.00    0.00    0.00    0.00    0.00    0.00

22:12:59     CPU    %usr   %nice    %sys %iowait    %irq   %soft  %steal  %guest  %gnice   %idle
22:13:00     all   52.00    0.00   19.78    0.26    0.00    4.70    0.00    0.00    0.00   23.26
22:13:00       0   47.47    0.00   23.23    0.00    0.00    5.05    0.00    0.00    0.00   24.24
22:13:00       1   50.00    0.00   21.43    0.00    0.00    4.08    0.00    0.00    0.00   24.49
22:13:00       2   41.84    0.00   24.49    0.00    0.00    5.10    0.00    0.00    0.00   28.57
22:13:00       3   48.45    0.00   21.65    0.00    0.00    5.15    0.00    0.00    0.00   24.74
22:13:00       4   47.92    0.00   18.75    0.00    0.00    6.25    0.00    0.00    0.00   27.08
22:13:00       5   60.42    0.00   14.58    1.04    0.00    3.12    0.00    0.00    0.00   20.83
22:13:00       6   56.57    0.00   14.14    1.01    0.00    5.05    0.00    0.00    0.00   23.23
22:13:00       7   45.74    0.00   21.28    0.00    0.00    6.38    0.00    0.00    0.00   26.60
22:13:00       8   47.37    0.00   25.26    0.00    0.00    4.21    0.00    0.00    0.00   23.16
22:13:00       9   43.00    0.00   24.00    1.00    0.00    6.00    0.00    0.00    0.00   26.00
22:13:00      10   45.92    0.00   22.45    0.00    0.00    6.12    0.00    0.00    0.00   25.51
22:13:00      11   50.53    0.00   25.26    0.00    0.00    3.16    0.00    0.00    0.00   21.05
22:13:00      12   42.55    0.00   22.34    1.06    0.00    6.38    0.00    0.00    0.00   27.66
22:13:00      13   53.06    0.00   19.39    0.00    0.00    5.10    0.00    0.00    0.00   22.45
22:13:00      14   49.47    0.00   18.95    0.00    0.00    4.21    0.00    0.00    0.00   27.37
22:13:00      15  100.00    0.00    0.00    0.00    0.00    0.00    0.00    0.00    0.00    0.00

22:13:00     CPU    %usr   %nice    %sys %iowait    %irq   %soft  %steal  %guest  %gnice   %idle
22:13:01     all   42.88    0.00   19.53    0.33    0.00    4.68    0.00    0.00    0.00   32.59
22:13:01       0   34.41    0.00   19.35    1.08    0.00    6.45    0.00    0.00    0.00   38.71
22:13:01       1   36.46    0.00   19.79    0.00    0.00    6.25    0.00    0.00    0.00   37.50
22:13:01       2   40.00    0.00   16.84    1.05    0.00    5.26    0.00    0.00    0.00   36.84
22:13:01       3   43.01    0.00   20.43    0.00    0.00    3.23    0.00    0.00    0.00   33.33
22:13:01       4   38.95    0.00   23.16    0.00    0.00    4.21    0.00    0.00    0.00   33.68
22:13:01       5   41.67    0.00   16.67    0.00    0.00    6.25    0.00    0.00    0.00   35.42
22:13:01       6   43.75    0.00   19.79    0.00    0.00    5.21    0.00    0.00    0.00   31.25
22:13:01       7   54.74    0.00   13.68    0.00    0.00    2.11    0.00    0.00    0.00   29.47
22:13:01       8   40.00    0.00   25.26    0.00    0.00    4.21    0.00    0.00    0.00   30.53
22:13:01       9   34.41    0.00   22.58    0.00    0.00    6.45    0.00    0.00    0.00   36.56
22:13:01      10   40.00    0.00   30.53    1.05    0.00    3.16    0.00    0.00    0.00   25.26
22:13:01      11   37.23    0.00   18.09    1.06    0.00    5.32    0.00    0.00    0.00   38.30
22:13:01      12   36.84    0.00   22.11    0.00    0.00    5.26    0.00    0.00    0.00   35.79
22:13:01      13   37.23    0.00   19.15    1.06    0.00    5.32    0.00    0.00    0.00   37.23
22:13:01      14   39.78    0.00   17.20    0.00    0.00    5.38    0.00    0.00    0.00   37.63
22:13:01      15   85.71    0.00    8.16    0.00    0.00    1.02    0.00    0.00    0.00    5.10

22:13:01     CPU    %usr   %nice    %sys %iowait    %irq   %soft  %steal  %guest  %gnice   %idle
22:13:02     all   45.29    0.00   19.54    0.20    0.00    4.58    0.00    0.00    0.00   30.39
22:13:02       0   48.48    0.00   17.17    0.00    0.00    4.04    0.00    0.00    0.00   30.30
22:13:02       1   38.95    0.00   23.16    0.00    0.00    4.21    0.00    0.00    0.00   33.68
22:13:02       2   38.95    0.00   20.00    0.00    0.00    6.32    0.00    0.00    0.00   34.74
22:13:02       3   44.79    0.00   17.71    1.04    0.00    5.21    0.00    0.00    0.00   31.25
22:13:02       4   42.55    0.00   18.09    0.00    0.00    4.26    0.00    0.00    0.00   35.11
22:13:02       5   43.62    0.00   15.96    0.00    0.00    5.32    0.00    0.00    0.00   35.11
22:13:02       6   47.31    0.00   16.13    0.00    0.00    4.30    0.00    0.00    0.00   32.26
22:13:02       7  100.00    0.00    0.00    0.00    0.00    0.00    0.00    0.00    0.00    0.00
22:13:02       8   48.42    0.00   15.79    0.00    0.00    4.21    0.00    0.00    0.00   31.58
22:13:02       9   40.00    0.00   36.84    0.00    0.00    3.16    0.00    0.00    0.00   20.00
22:13:02      10   40.00    0.00   28.42    0.00    0.00    4.21    0.00    0.00    0.00   27.37
22:13:02      11   35.42    0.00   28.12    0.00    0.00    5.21    0.00    0.00    0.00   31.25
22:13:02      12   40.43    0.00   19.15    0.00    0.00    5.32    0.00    0.00    0.00   35.11
22:13:02      13   40.00    0.00   18.95    0.00    0.00    6.32    0.00    0.00    0.00   34.74
22:13:02      14   37.11    0.00   18.56    1.03    0.00    5.15    0.00    0.00    0.00   38.14
22:13:02      15   36.08    0.00   19.59    1.03    0.00    6.19    0.00    0.00    0.00   37.11

22:13:02     CPU    %usr   %nice    %sys %iowait    %irq   %soft  %steal  %guest  %gnice   %idle
22:13:03     all   27.49    0.00   12.67    0.19    0.00    2.92    0.00    0.00    0.00   56.73
22:13:03       0   22.34    0.00   11.70    0.00    0.00    4.26    0.00    0.00    0.00   61.70
22:13:03       1   24.21    0.00   11.58    1.05    0.00    4.21    0.00    0.00    0.00   58.95
22:13:03       2   24.73    0.00   10.75    0.00    0.00    2.15    0.00    0.00    0.00   62.37
22:13:03       3   27.84    0.00   10.31    0.00    0.00    3.09    0.00    0.00    0.00   58.76
22:13:03       4   23.23    0.00   13.13    1.01    0.00    3.03    0.00    0.00    0.00   59.60
22:13:03       5   27.55    0.00   13.27    0.00    0.00    2.04    0.00    0.00    0.00   57.14
22:13:03       6   27.08    0.00   11.46    0.00    0.00    3.12    0.00    0.00    0.00   58.33
22:13:03       7   53.00    0.00    3.00    0.00    0.00    1.00    0.00    0.00    0.00   43.00
22:13:03       8   26.80    0.00    9.28    1.03    0.00    4.12    0.00    0.00    0.00   58.76
22:13:03       9   22.58    0.00   12.90    0.00    0.00    3.23    0.00    0.00    0.00   61.29
22:13:03      10   25.77    0.00   11.34    0.00    0.00    4.12    0.00    0.00    0.00   58.76
22:13:03      11   23.71    0.00   34.02    0.00    0.00    0.00    0.00    0.00    0.00   42.27
22:13:03      12   23.71    0.00   16.49    0.00    0.00    4.12    0.00    0.00    0.00   55.67
22:13:03      13   27.66    0.00   10.64    0.00    0.00    2.13    0.00    0.00    0.00   59.57
22:13:03      14   30.21    0.00   10.42    0.00    0.00    3.12    0.00    0.00    0.00   56.25
22:13:03      15   28.12    0.00   12.50    0.00    0.00    3.12    0.00    0.00    0.00   56.25
