Linux 6.17.0-1019-aws (ip-172-31-34-148) 	07/23/26 	_x86_64_	(4 CPU)

06:47:43     CPU    %usr   %nice    %sys %iowait    %irq   %soft  %steal  %guest  %gnice   %idle
06:47:44     all   74.87    0.00    6.28    0.00    0.00    0.00    0.00    0.00    0.00   18.84
06:47:44       0   72.73    0.00   10.10    0.00    0.00    0.00    0.00    0.00    0.00   17.17
06:47:44       1   75.00    0.00    4.00    0.00    0.00    0.00    0.00    0.00    0.00   21.00
06:47:44       2   71.72    0.00    5.05    0.00    0.00    0.00    0.00    0.00    0.00   23.23
06:47:44       3   80.00    0.00    6.00    0.00    0.00    0.00    0.00    0.00    0.00   14.00

06:47:44     CPU    %usr   %nice    %sys %iowait    %irq   %soft  %steal  %guest  %gnice   %idle
06:47:45     all   78.61    0.00    3.73    0.00    0.00    0.50    0.00    0.00    0.00   17.16
06:47:45       0   76.00    0.00    4.00    0.00    0.00    1.00    0.00    0.00    0.00   19.00
06:47:45       1   79.00    0.00    5.00    0.00    0.00    0.00    0.00    0.00    0.00   16.00
06:47:45       2   79.21    0.00    1.98    0.00    0.00    0.00    0.00    0.00    0.00   18.81
06:47:45       3   80.20    0.00    3.96    0.00    0.00    0.99    0.00    0.00    0.00   14.85

06:47:45     CPU    %usr   %nice    %sys %iowait    %irq   %soft  %steal  %guest  %gnice   %idle
06:47:46     all   81.49    0.00    4.88    0.00    0.00    0.00    0.00    0.00    0.00   13.62
06:47:46       0   78.57    0.00    4.08    0.00    0.00    0.00    0.00    0.00    0.00   17.35
06:47:46       1   82.65    0.00    5.10    0.00    0.00    0.00    0.00    0.00    0.00   12.24
06:47:46       2   77.08    0.00    6.25    0.00    0.00    0.00    0.00    0.00    0.00   16.67
06:47:46       3   87.63    0.00    4.12    0.00    0.00    0.00    0.00    0.00    0.00    8.25

06:47:46     CPU    %usr   %nice    %sys %iowait    %irq   %soft  %steal  %guest  %gnice   %idle
06:47:47     all   83.42    0.00    5.53    0.50    0.00    1.01    0.00    0.00    0.00    9.55
06:47:47       0   83.84    0.00    5.05    1.01    0.00    1.01    0.00    0.00    0.00    9.09
06:47:47       1   83.84    0.00    5.05    1.01    0.00    1.01    0.00    0.00    0.00    9.09
06:47:47       2   82.00    0.00    6.00    0.00    0.00    1.00    0.00    0.00    0.00   11.00
06:47:47       3   84.00    0.00    6.00    0.00    0.00    1.00    0.00    0.00    0.00    9.00

06:47:47     CPU    %usr   %nice    %sys %iowait    %irq   %soft  %steal  %guest  %gnice   %idle
06:47:48     all   75.58    0.00    5.97    0.26    0.00    0.00    0.00    0.00    0.00   18.18
06:47:48       0   75.79    0.00    6.32    0.00    0.00    0.00    0.00    0.00    0.00   17.89
06:47:48       1   73.20    0.00    7.22    0.00    0.00    0.00    0.00    0.00    0.00   19.59
06:47:48       2   76.29    0.00    5.15    1.03    0.00    0.00    0.00    0.00    0.00   17.53
06:47:48       3   77.08    0.00    5.21    0.00    0.00    0.00    0.00    0.00    0.00   17.71

06:47:48     CPU    %usr   %nice    %sys %iowait    %irq   %soft  %steal  %guest  %gnice   %idle
06:47:49     all   71.32    0.00    5.08    0.76    0.00    0.76    0.51    0.00    0.00   21.57
06:47:49       0   70.71    0.00    6.06    1.01    0.00    1.01    0.00    0.00    0.00   21.21
06:47:49       1   69.70    0.00    5.05    1.01    0.00    1.01    1.01    0.00    0.00   22.22
06:47:49       2   73.47    0.00    4.08    0.00    0.00    1.02    0.00    0.00    0.00   21.43
06:47:49       3   71.43    0.00    5.10    1.02    0.00    0.00    1.02    0.00    0.00   21.43

06:47:49     CPU    %usr   %nice    %sys %iowait    %irq   %soft  %steal  %guest  %gnice   %idle
06:47:50     all   57.54    0.00    5.53    1.01    0.00    0.50    1.51    0.00    0.00   33.92
06:47:50       0   63.00    0.00    5.00    1.00    0.00    0.00    0.00    0.00    0.00   31.00
06:47:50       1   52.94    0.00    5.88    0.98    0.00    0.98    2.94    0.00    0.00   36.27
06:47:50       2   58.76    0.00    6.19    1.03    0.00    0.00    0.00    0.00    0.00   34.02
06:47:50       3   55.56    0.00    5.05    1.01    0.00    1.01    3.03    0.00    0.00   34.34

06:47:50     CPU    %usr   %nice    %sys %iowait    %irq   %soft  %steal  %guest  %gnice   %idle
06:47:51     all   56.53    0.00    5.53    1.01    0.00    0.50    0.00    0.00    0.00   36.43
06:47:51       0   55.56    0.00    6.06    1.01    0.00    1.01    0.00    0.00    0.00   36.36
06:47:51       1   61.00    0.00    5.00    1.00    0.00    0.00    0.00    0.00    0.00   33.00
06:47:51       2   51.52    0.00    5.05    1.01    0.00    1.01    0.00    0.00    0.00   41.41
06:47:51       3   58.00    0.00    6.00    1.00    0.00    0.00    0.00    0.00    0.00   35.00

06:47:51     CPU    %usr   %nice    %sys %iowait    %irq   %soft  %steal  %guest  %gnice   %idle
06:47:52     all   66.16    0.00    5.56    0.25    0.00    0.00    0.00    0.00    0.00   28.03
06:47:52       0   64.29    0.00    6.12    0.00    0.00    0.00    0.00    0.00    0.00   29.59
06:47:52       1   67.68    0.00    5.05    0.00    0.00    0.00    0.00    0.00    0.00   27.27
06:47:52       2   67.00    0.00    6.00    1.00    0.00    0.00    0.00    0.00    0.00   26.00
06:47:52       3   65.66    0.00    5.05    0.00    0.00    0.00    0.00    0.00    0.00   29.29

06:47:52     CPU    %usr   %nice    %sys %iowait    %irq   %soft  %steal  %guest  %gnice   %idle
06:47:53     all   67.93    0.00    5.56    0.76    0.00    0.51    0.00    0.00    0.00   25.25
06:47:53       0   66.00    0.00    6.00    1.00    0.00    1.00    0.00    0.00    0.00   26.00
06:47:53       1   71.00    0.00    4.00    1.00    0.00    1.00    0.00    0.00    0.00   23.00
06:47:53       2   67.01    0.00    6.19    0.00    0.00    0.00    0.00    0.00    0.00   26.80
06:47:53       3   67.68    0.00    6.06    1.01    0.00    0.00    0.00    0.00    0.00   25.25

06:47:53     CPU    %usr   %nice    %sys %iowait    %irq   %soft  %steal  %guest  %gnice   %idle
06:47:54     all   53.55    0.00    5.08    1.02    0.00    0.51    0.00    0.00    0.00   39.85
06:47:54       0   53.06    0.00    5.10    1.02    0.00    0.00    0.00    0.00    0.00   40.82
06:47:54       1   58.76    0.00    4.12    1.03    0.00    1.03    0.00    0.00    0.00   35.05
06:47:54       2   50.00    0.00    5.00    1.00    0.00    1.00    0.00    0.00    0.00   43.00
06:47:54       3   52.53    0.00    6.06    1.01    0.00    0.00    0.00    0.00    0.00   40.40

06:47:54     CPU    %usr   %nice    %sys %iowait    %irq   %soft  %steal  %guest  %gnice   %idle
06:47:55     all   72.54    0.00    5.54    1.01    0.00    0.25    0.00    0.00    0.00   20.65
06:47:55       0   74.75    0.00    4.04    1.01    0.00    0.00    0.00    0.00    0.00   20.20
06:47:55       1   70.71    0.00    6.06    1.01    0.00    0.00    0.00    0.00    0.00   22.22
06:47:55       2   72.73    0.00    7.07    1.01    0.00    0.00    0.00    0.00    0.00   19.19
06:47:55       3   72.00    0.00    5.00    1.00    0.00    1.00    0.00    0.00    0.00   21.00

06:47:55     CPU    %usr   %nice    %sys %iowait    %irq   %soft  %steal  %guest  %gnice   %idle
06:47:56     all   46.56    0.00    5.09    0.76    0.00    0.76    0.00    0.00    0.00   46.82
06:47:56       0   46.94    0.00    5.10    1.02    0.00    1.02    0.00    0.00    0.00   45.92
06:47:56       1   47.96    0.00    5.10    0.00    0.00    1.02    0.00    0.00    0.00   45.92
06:47:56       2   47.47    0.00    5.05    1.01    0.00    1.01    0.00    0.00    0.00   45.45
06:47:56       3   43.88    0.00    5.10    1.02    0.00    0.00    0.00    0.00    0.00   50.00

06:47:56     CPU    %usr   %nice    %sys %iowait    %irq   %soft  %steal  %guest  %gnice   %idle
06:47:57     all   52.28    0.00    4.57    1.02    0.00    1.02    0.00    0.00    0.00   41.12
06:47:57       0   52.53    0.00    5.05    1.01    0.00    0.00    0.00    0.00    0.00   41.41
06:47:57       1   56.12    0.00    3.06    1.02    0.00    1.02    0.00    0.00    0.00   38.78
06:47:57       2   42.42    0.00    6.06    1.01    0.00    2.02    0.00    0.00    0.00   48.48
06:47:57       3   58.16    0.00    4.08    1.02    0.00    1.02    0.00    0.00    0.00   35.71

06:47:57     CPU    %usr   %nice    %sys %iowait    %irq   %soft  %steal  %guest  %gnice   %idle
06:47:58     all   51.41    0.00    5.37    0.77    0.00    0.26    0.00    0.00    0.00   42.20
06:47:58       0   57.14    0.00    4.08    0.00    0.00    1.02    0.00    0.00    0.00   37.76
06:47:58       1   47.42    0.00    6.19    1.03    0.00    0.00    0.00    0.00    0.00   45.36
06:47:58       2   52.04    0.00    5.10    1.02    0.00    0.00    0.00    0.00    0.00   41.84
06:47:58       3   48.98    0.00    6.12    1.02    0.00    0.00    0.00    0.00    0.00   43.88

06:47:58     CPU    %usr   %nice    %sys %iowait    %irq   %soft  %steal  %guest  %gnice   %idle
06:47:59     all   54.10    0.00    4.10    0.77    0.00    0.77    0.00    0.00    0.00   40.26
06:47:59       0   53.12    0.00    5.21    1.04    0.00    0.00    0.00    0.00    0.00   40.62
06:47:59       1   53.54    0.00    4.04    1.01    0.00    1.01    0.00    0.00    0.00   40.40
06:47:59       2   54.55    0.00    4.04    1.01    0.00    1.01    0.00    0.00    0.00   39.39
06:47:59       3   55.21    0.00    3.12    0.00    0.00    1.04    0.00    0.00    0.00   40.62

06:47:59     CPU    %usr   %nice    %sys %iowait    %irq   %soft  %steal  %guest  %gnice   %idle
06:48:00     all   46.43    0.00    4.85    1.02    0.00    1.02    0.00    0.00    0.00   46.68
06:48:00       0   44.44    0.00    4.04    1.01    0.00    1.01    0.00    0.00    0.00   49.49
06:48:00       1   43.75    0.00    4.17    1.04    0.00    1.04    0.00    0.00    0.00   50.00
06:48:00       2   52.53    0.00    5.05    1.01    0.00    1.01    0.00    0.00    0.00   40.40
06:48:00       3   44.90    0.00    6.12    1.02    0.00    1.02    0.00    0.00    0.00   46.94

06:48:00     CPU    %usr   %nice    %sys %iowait    %irq   %soft  %steal  %guest  %gnice   %idle
06:48:01     all   51.52    0.00    4.82    1.02    0.00    0.25    0.00    0.00    0.00   42.39
06:48:01       0   54.08    0.00    5.10    1.02    0.00    0.00    0.00    0.00    0.00   39.80
06:48:01       1   48.98    0.00    5.10    1.02    0.00    0.00    0.00    0.00    0.00   44.90
06:48:01       2   56.57    0.00    4.04    1.01    0.00    0.00    0.00    0.00    0.00   38.38
06:48:01       3   46.46    0.00    5.05    1.01    0.00    1.01    0.00    0.00    0.00   46.46

06:48:01     CPU    %usr   %nice    %sys %iowait    %irq   %soft  %steal  %guest  %gnice   %idle
06:48:02     all   55.24    0.00    4.09    1.02    0.00    1.02    0.00    0.00    0.00   38.62
06:48:02       0   57.58    0.00    4.04    1.01    0.00    1.01    0.00    0.00    0.00   36.36
06:48:02       1   54.08    0.00    4.08    1.02    0.00    1.02    0.00    0.00    0.00   39.80
06:48:02       2   53.12    0.00    4.17    1.04    0.00    1.04    0.00    0.00    0.00   40.62
06:48:02       3   56.12    0.00    4.08    1.02    0.00    1.02    0.00    0.00    0.00   37.76

06:48:02     CPU    %usr   %nice    %sys %iowait    %irq   %soft  %steal  %guest  %gnice   %idle
06:48:03     all   83.50    0.00    4.57    0.25    0.00    0.76    0.00    0.00    0.00   10.91
06:48:03       0   84.85    0.00    5.05    0.00    0.00    1.01    0.00    0.00    0.00    9.09
06:48:03       1   83.67    0.00    4.08    0.00    0.00    1.02    0.00    0.00    0.00   11.22
06:48:03       2   85.86    0.00    4.04    0.00    0.00    1.01    0.00    0.00    0.00    9.09
06:48:03       3   79.59    0.00    5.10    1.02    0.00    0.00    0.00    0.00    0.00   14.29
