Linux 6.17.0-1019-aws (ip-172-31-34-148) 	07/23/26 	_x86_64_	(4 CPU)

06:46:53     CPU    %usr   %nice    %sys %iowait    %irq   %soft  %steal  %guest  %gnice   %idle
06:46:54     all   75.76    0.00    5.30    0.00    0.00    0.25    0.00    0.00    0.00   18.69
06:46:54       0   79.80    0.00   10.10    0.00    0.00    0.00    0.00    0.00    0.00   10.10
06:46:54       1   68.69    0.00    3.03    0.00    0.00    1.01    0.00    0.00    0.00   27.27
06:46:54       2   81.82    0.00    5.05    0.00    0.00    0.00    0.00    0.00    0.00   13.13
06:46:54       3   72.73    0.00    3.03    0.00    0.00    0.00    0.00    0.00    0.00   24.24

06:46:54     CPU    %usr   %nice    %sys %iowait    %irq   %soft  %steal  %guest  %gnice   %idle
06:46:55     all   74.62    0.00    3.81    0.00    0.00    0.51    0.00    0.00    0.00   21.07
06:46:55       0   75.51    0.00    4.08    0.00    0.00    1.02    0.00    0.00    0.00   19.39
06:46:55       1   76.53    0.00    3.06    0.00    0.00    0.00    0.00    0.00    0.00   20.41
06:46:55       2   73.47    0.00    4.08    0.00    0.00    0.00    0.00    0.00    0.00   22.45
06:46:55       3   73.00    0.00    4.00    0.00    0.00    1.00    0.00    0.00    0.00   22.00

06:46:55     CPU    %usr   %nice    %sys %iowait    %irq   %soft  %steal  %guest  %gnice   %idle
06:46:56     all   78.87    0.00    4.12    0.26    0.00    0.26    0.00    0.00    0.00   16.49
06:46:56       0   81.44    0.00    4.12    0.00    0.00    0.00    0.00    0.00    0.00   14.43
06:46:56       1   79.59    0.00    4.08    0.00    0.00    0.00    0.00    0.00    0.00   16.33
06:46:56       2   77.55    0.00    4.08    1.02    0.00    1.02    0.00    0.00    0.00   16.33
06:46:56       3   76.84    0.00    4.21    0.00    0.00    0.00    0.00    0.00    0.00   18.95

06:46:56     CPU    %usr   %nice    %sys %iowait    %irq   %soft  %steal  %guest  %gnice   %idle
06:46:57     all   55.17    0.00    5.04    0.80    0.00    0.27    0.00    0.00    0.00   38.73
06:46:57       0   52.13    0.00    5.32    1.06    0.00    1.06    0.00    0.00    0.00   40.43
06:46:57       1   60.42    0.00    3.12    1.04    0.00    0.00    0.00    0.00    0.00   35.42
06:46:57       2   54.84    0.00    5.38    0.00    0.00    0.00    0.00    0.00    0.00   39.78
06:46:57       3   53.19    0.00    6.38    1.06    0.00    0.00    0.00    0.00    0.00   39.36

06:46:57     CPU    %usr   %nice    %sys %iowait    %irq   %soft  %steal  %guest  %gnice   %idle
06:46:58     all   46.11    0.00    3.75    0.54    0.00    0.54    0.00    0.00    0.00   49.06
06:46:58       0   49.47    0.00    4.21    1.05    0.00    0.00    0.00    0.00    0.00   45.26
06:46:58       1   45.16    0.00    3.23    0.00    0.00    1.08    0.00    0.00    0.00   50.54
06:46:58       2   44.09    0.00    3.23    1.08    0.00    1.08    0.00    0.00    0.00   50.54
06:46:58       3   45.65    0.00    4.35    0.00    0.00    0.00    0.00    0.00    0.00   50.00

06:46:58     CPU    %usr   %nice    %sys %iowait    %irq   %soft  %steal  %guest  %gnice   %idle
06:46:59     all   50.94    0.00    2.95    0.54    0.00    0.00    0.00    0.00    0.00   45.58
06:46:59       0   53.76    0.00    3.23    0.00    0.00    0.00    0.00    0.00    0.00   43.01
06:46:59       1   47.87    0.00    3.19    1.06    0.00    0.00    0.00    0.00    0.00   47.87
06:46:59       2   56.38    0.00    2.13    0.00    0.00    0.00    0.00    0.00    0.00   41.49
06:46:59       3   45.65    0.00    3.26    1.09    0.00    0.00    0.00    0.00    0.00   50.00

06:46:59     CPU    %usr   %nice    %sys %iowait    %irq   %soft  %steal  %guest  %gnice   %idle
06:47:00     all   50.92    0.00    1.85    1.06    0.00    0.26    0.00    0.00    0.00   45.91
06:47:00       0   50.00    0.00    2.13    1.06    0.00    0.00    0.00    0.00    0.00   46.81
06:47:00       1   56.38    0.00    1.06    1.06    0.00    0.00    0.00    0.00    0.00   41.49
06:47:00       2   47.37    0.00    2.11    1.05    0.00    1.05    0.00    0.00    0.00   48.42
06:47:00       3   50.00    0.00    2.08    1.04    0.00    0.00    0.00    0.00    0.00   46.88

06:47:00     CPU    %usr   %nice    %sys %iowait    %irq   %soft  %steal  %guest  %gnice   %idle
06:47:01     all   45.84    0.00    1.61    0.00    0.00    0.27    0.27    0.00    0.00   52.01
06:47:01       0   51.06    0.00    2.13    0.00    0.00    0.00    0.00    0.00    0.00   46.81
06:47:01       1   40.22    0.00    2.17    0.00    0.00    0.00    1.09    0.00    0.00   56.52
06:47:01       2   50.53    0.00    1.05    0.00    0.00    0.00    0.00    0.00    0.00   48.42
06:47:01       3   41.30    0.00    1.09    0.00    0.00    1.09    0.00    0.00    0.00   56.52

06:47:01     CPU    %usr   %nice    %sys %iowait    %irq   %soft  %steal  %guest  %gnice   %idle
06:47:02     all   45.03    0.00    1.05    1.05    0.00    0.00    0.00    0.00    0.00   52.88
06:47:02       0   48.42    0.00    1.05    1.05    0.00    0.00    0.00    0.00    0.00   49.47
06:47:02       1   45.26    0.00    1.05    1.05    0.00    0.00    0.00    0.00    0.00   52.63
06:47:02       2   46.39    0.00    1.03    1.03    0.00    0.00    0.00    0.00    0.00   51.55
06:47:02       3   40.00    0.00    1.05    1.05    0.00    0.00    0.00    0.00    0.00   57.89

06:47:02     CPU    %usr   %nice    %sys %iowait    %irq   %soft  %steal  %guest  %gnice   %idle
06:47:03     all   46.05    0.00    1.32    0.53    0.00    0.53    0.00    0.00    0.00   51.58
06:47:03       0   40.00    0.00    1.05    1.05    0.00    1.05    0.00    0.00    0.00   56.84
06:47:03       1   46.88    0.00    2.08    0.00    0.00    1.04    0.00    0.00    0.00   50.00
06:47:03       2   47.37    0.00    1.05    1.05    0.00    0.00    0.00    0.00    0.00   50.53
06:47:03       3   50.00    0.00    1.06    0.00    0.00    0.00    0.00    0.00    0.00   48.94

06:47:03     CPU    %usr   %nice    %sys %iowait    %irq   %soft  %steal  %guest  %gnice   %idle
06:47:04     all   53.02    0.00    1.57    0.79    0.00    0.00    0.00    0.00    0.00   44.62
06:47:04       0   50.00    0.00    2.13    1.06    0.00    0.00    0.00    0.00    0.00   46.81
06:47:04       1   43.75    0.00    2.08    1.04    0.00    0.00    0.00    0.00    0.00   53.12
06:47:04       2   56.38    0.00    1.06    0.00    0.00    0.00    0.00    0.00    0.00   42.55
06:47:04       3   61.86    0.00    1.03    1.03    0.00    0.00    0.00    0.00    0.00   36.08

06:47:04     CPU    %usr   %nice    %sys %iowait    %irq   %soft  %steal  %guest  %gnice   %idle
06:47:05     all   45.79    0.00    0.79    0.79    0.00    0.00    0.00    0.00    0.00   52.63
06:47:05       0   44.21    0.00    1.05    0.00    0.00    0.00    0.00    0.00    0.00   54.74
06:47:05       1   44.68    0.00    0.00    1.06    0.00    0.00    0.00    0.00    0.00   54.26
06:47:05       2   51.58    0.00    1.05    1.05    0.00    0.00    0.00    0.00    0.00   46.32
06:47:05       3   42.71    0.00    1.04    1.04    0.00    0.00    0.00    0.00    0.00   55.21

06:47:05     CPU    %usr   %nice    %sys %iowait    %irq   %soft  %steal  %guest  %gnice   %idle
06:47:06     all   40.90    0.00    0.53    0.53    0.00    0.00    0.00    0.00    0.00   58.05
06:47:06       0   40.00    0.00    0.00    1.05    0.00    0.00    0.00    0.00    0.00   58.95
06:47:06       1   40.00    0.00    1.05    0.00    0.00    0.00    0.00    0.00    0.00   58.95
06:47:06       2   41.05    0.00    1.05    1.05    0.00    0.00    0.00    0.00    0.00   56.84
06:47:06       3   42.55    0.00    0.00    0.00    0.00    0.00    0.00    0.00    0.00   57.45

06:47:06     CPU    %usr   %nice    %sys %iowait    %irq   %soft  %steal  %guest  %gnice   %idle
06:47:07     all   43.72    0.00    0.79    0.52    0.00    0.00    0.00    0.00    0.00   54.97
06:47:07       0   46.81    0.00    1.06    0.00    0.00    0.00    0.00    0.00    0.00   52.13
06:47:07       1   43.30    0.00    0.00    1.03    0.00    0.00    0.00    0.00    0.00   55.67
06:47:07       2   42.71    0.00    1.04    0.00    0.00    0.00    0.00    0.00    0.00   56.25
06:47:07       3   42.11    0.00    1.05    1.05    0.00    0.00    0.00    0.00    0.00   55.79

06:47:07     CPU    %usr   %nice    %sys %iowait    %irq   %soft  %steal  %guest  %gnice   %idle
06:47:08     all   51.57    0.00    1.05    0.79    0.00    0.00    0.00    0.00    0.00   46.60
06:47:08       0   49.47    0.00    0.00    1.05    0.00    0.00    0.00    0.00    0.00   49.47
06:47:08       1   56.70    0.00    1.03    1.03    0.00    0.00    0.00    0.00    0.00   41.24
06:47:08       2   51.58    0.00    1.05    1.05    0.00    0.00    0.00    0.00    0.00   46.32
06:47:08       3   48.42    0.00    2.11    0.00    0.00    0.00    0.00    0.00    0.00   49.47

06:47:08     CPU    %usr   %nice    %sys %iowait    %irq   %soft  %steal  %guest  %gnice   %idle
06:47:09     all   41.25    0.00    0.78    0.52    0.00    0.00    0.00    0.00    0.00   57.44
06:47:09       0   32.63    0.00    1.05    1.05    0.00    0.00    0.00    0.00    0.00   65.26
06:47:09       1   50.52    0.00    1.03    0.00    0.00    0.00    0.00    0.00    0.00   48.45
06:47:09       2   38.95    0.00    1.05    0.00    0.00    0.00    0.00    0.00    0.00   60.00
06:47:09       3   42.71    0.00    0.00    1.04    0.00    0.00    0.00    0.00    0.00   56.25

06:47:09     CPU    %usr   %nice    %sys %iowait    %irq   %soft  %steal  %guest  %gnice   %idle
06:47:10     all   38.90    0.00    0.26    0.78    0.00    0.00    0.00    0.00    0.00   60.05
06:47:10       0   36.56    0.00    1.08    0.00    0.00    0.00    0.00    0.00    0.00   62.37
06:47:10       1   37.11    0.00    0.00    1.03    0.00    0.00    0.00    0.00    0.00   61.86
06:47:10       2   45.36    0.00    0.00    1.03    0.00    0.00    0.00    0.00    0.00   53.61
06:47:10       3   36.46    0.00    0.00    1.04    0.00    0.00    0.00    0.00    0.00   62.50

06:47:10     CPU    %usr   %nice    %sys %iowait    %irq   %soft  %steal  %guest  %gnice   %idle
06:47:11     all   50.65    0.00    0.78    0.52    0.00    0.00    0.00    0.00    0.00   48.04
06:47:11       0   47.37    0.00    0.00    1.05    0.00    0.00    0.00    0.00    0.00   51.58
06:47:11       1   57.29    0.00    1.04    1.04    0.00    0.00    0.00    0.00    0.00   40.62
06:47:11       2   55.21    0.00    0.00    0.00    0.00    0.00    0.00    0.00    0.00   44.79
06:47:11       3   42.71    0.00    2.08    0.00    0.00    0.00    0.00    0.00    0.00   55.21

06:47:11     CPU    %usr   %nice    %sys %iowait    %irq   %soft  %steal  %guest  %gnice   %idle
06:47:12     all   35.42    0.00    0.78    0.78    0.00    0.00    0.00    0.00    0.00   63.02
06:47:12       0   32.29    0.00    1.04    1.04    0.00    0.00    0.00    0.00    0.00   65.62
06:47:12       1   32.29    0.00    1.04    0.00    0.00    0.00    0.00    0.00    0.00   66.67
06:47:12       2   34.74    0.00    1.05    1.05    0.00    0.00    0.00    0.00    0.00   63.16
06:47:12       3   42.27    0.00    0.00    1.03    0.00    0.00    0.00    0.00    0.00   56.70

06:47:12     CPU    %usr   %nice    %sys %iowait    %irq   %soft  %steal  %guest  %gnice   %idle
06:47:13     all   34.55    0.00    0.26    0.78    0.00    0.26    0.00    0.00    0.00   64.16
06:47:13       0   35.79    0.00    0.00    0.00    0.00    0.00    0.00    0.00    0.00   64.21
06:47:13       1   40.00    0.00    0.00    1.05    0.00    0.00    0.00    0.00    0.00   58.95
06:47:13       2   32.99    0.00    0.00    1.03    0.00    0.00    0.00    0.00    0.00   65.98
06:47:13       3   29.59    0.00    1.02    1.02    0.00    1.02    0.00    0.00    0.00   67.35
