Linux 6.17.0-1019-aws (ip-172-31-34-148) 	07/23/26 	_x86_64_	(4 CPU)

06:48:07     CPU    %usr   %nice    %sys %iowait    %irq   %soft  %steal  %guest  %gnice   %idle
06:48:08     all   76.32    0.00    5.79    0.00    0.00    0.25    0.00    0.00    0.00   17.63
06:48:08       0   72.73    0.00    4.04    0.00    0.00    0.00    0.00    0.00    0.00   23.23
06:48:08       1   73.00    0.00    5.00    0.00    0.00    1.00    0.00    0.00    0.00   21.00
06:48:08       2   78.79    0.00    4.04    0.00    0.00    0.00    0.00    0.00    0.00   17.17
06:48:08       3   80.81    0.00   10.10    0.00    0.00    0.00    0.00    0.00    0.00    9.09

06:48:08     CPU    %usr   %nice    %sys %iowait    %irq   %soft  %steal  %guest  %gnice   %idle
06:48:09     all   94.18    0.00    3.80    0.00    0.00    0.00    0.00    0.00    0.00    2.03
06:48:09       0   93.94    0.00    4.04    0.00    0.00    0.00    0.00    0.00    0.00    2.02
06:48:09       1   93.88    0.00    4.08    0.00    0.00    0.00    0.00    0.00    0.00    2.04
06:48:09       2   93.94    0.00    4.04    0.00    0.00    0.00    0.00    0.00    0.00    2.02
06:48:09       3   94.95    0.00    3.03    0.00    0.00    0.00    0.00    0.00    0.00    2.02

06:48:09     CPU    %usr   %nice    %sys %iowait    %irq   %soft  %steal  %guest  %gnice   %idle
06:48:10     all   93.25    0.00    4.00    0.00    0.00    0.75    0.00    0.00    0.00    2.00
06:48:10       0   94.90    0.00    3.06    0.00    0.00    0.00    0.00    0.00    0.00    2.04
06:48:10       1   93.07    0.00    3.96    0.00    0.00    0.99    0.00    0.00    0.00    1.98
06:48:10       2   92.08    0.00    4.95    0.00    0.00    0.99    0.00    0.00    0.00    1.98
06:48:10       3   93.00    0.00    4.00    0.00    0.00    1.00    0.00    0.00    0.00    2.00

06:48:10     CPU    %usr   %nice    %sys %iowait    %irq   %soft  %steal  %guest  %gnice   %idle
06:48:11     all   75.51    0.00    4.08    0.26    0.00    0.26    0.00    0.00    0.00   19.90
06:48:11       0   74.00    0.00    4.00    0.00    0.00    1.00    0.00    0.00    0.00   21.00
06:48:11       1   75.26    0.00    4.12    0.00    0.00    0.00    0.00    0.00    0.00   20.62
06:48:11       2   73.96    0.00    5.21    0.00    0.00    0.00    0.00    0.00    0.00   20.83
06:48:11       3   78.79    0.00    3.03    1.01    0.00    0.00    0.00    0.00    0.00   17.17

06:48:11     CPU    %usr   %nice    %sys %iowait    %irq   %soft  %steal  %guest  %gnice   %idle
06:48:12     all   90.08    0.00    4.58    0.51    0.00    0.00    0.00    0.00    0.00    4.83
06:48:12       0   90.82    0.00    4.08    1.02    0.00    0.00    0.00    0.00    0.00    4.08
06:48:12       1   90.82    0.00    5.10    0.00    0.00    0.00    0.00    0.00    0.00    4.08
06:48:12       2   89.90    0.00    4.04    1.01    0.00    0.00    0.00    0.00    0.00    5.05
06:48:12       3   88.78    0.00    5.10    0.00    0.00    0.00    0.00    0.00    0.00    6.12

06:48:12     CPU    %usr   %nice    %sys %iowait    %irq   %soft  %steal  %guest  %gnice   %idle
06:48:13     all   87.09    0.00    5.57    0.25    0.00    0.51    0.00    0.00    0.00    6.58
06:48:13       0   88.66    0.00    6.19    0.00    0.00    0.00    0.00    0.00    0.00    5.15
06:48:13       1   83.84    0.00    7.07    1.01    0.00    1.01    0.00    0.00    0.00    7.07
06:48:13       2   88.89    0.00    5.05    0.00    0.00    1.01    0.00    0.00    0.00    5.05
06:48:13       3   87.00    0.00    4.00    0.00    0.00    0.00    0.00    0.00    0.00    9.00

06:48:13     CPU    %usr   %nice    %sys %iowait    %irq   %soft  %steal  %guest  %gnice   %idle
06:48:14     all   86.51    0.00    6.36    0.25    0.00    0.51    0.00    0.00    0.00    6.36
06:48:14       0   87.00    0.00    6.00    0.00    0.00    1.00    0.00    0.00    0.00    6.00
06:48:14       1   85.86    0.00    7.07    0.00    0.00    0.00    0.00    0.00    0.00    7.07
06:48:14       2   88.54    0.00    6.25    0.00    0.00    0.00    0.00    0.00    0.00    5.21
06:48:14       3   84.69    0.00    6.12    1.02    0.00    1.02    0.00    0.00    0.00    7.14

06:48:14     CPU    %usr   %nice    %sys %iowait    %irq   %soft  %steal  %guest  %gnice   %idle
06:48:15     all   91.41    0.00    4.29    0.25    0.00    0.51    0.00    0.00    0.00    3.54
06:48:15       0   94.90    0.00    3.06    0.00    0.00    0.00    0.00    0.00    0.00    2.04
06:48:15       1   90.91    0.00    4.04    0.00    0.00    1.01    0.00    0.00    0.00    4.04
06:48:15       2   90.00    0.00    4.00    1.00    0.00    1.00    0.00    0.00    0.00    4.00
06:48:15       3   89.90    0.00    6.06    0.00    0.00    0.00    0.00    0.00    0.00    4.04

06:48:15     CPU    %usr   %nice    %sys %iowait    %irq   %soft  %steal  %guest  %gnice   %idle
06:48:16     all   91.16    0.00    4.80    0.25    0.00    0.00    0.00    0.00    0.00    3.79
06:48:16       0   89.90    0.00    5.05    1.01    0.00    0.00    0.00    0.00    0.00    4.04
06:48:16       1   90.82    0.00    5.10    0.00    0.00    0.00    0.00    0.00    0.00    4.08
06:48:16       2   92.00    0.00    5.00    0.00    0.00    0.00    0.00    0.00    0.00    3.00
06:48:16       3   91.92    0.00    4.04    0.00    0.00    0.00    0.00    0.00    0.00    4.04

06:48:16     CPU    %usr   %nice    %sys %iowait    %irq   %soft  %steal  %guest  %gnice   %idle
06:48:17     all   76.86    0.00    5.14    0.51    0.00    0.51    0.00    0.00    0.00   16.97
06:48:17       0   74.49    0.00    6.12    0.00    0.00    1.02    0.00    0.00    0.00   18.37
06:48:17       1   76.29    0.00    4.12    1.03    0.00    0.00    0.00    0.00    0.00   18.56
06:48:17       2   79.17    0.00    5.21    0.00    0.00    0.00    0.00    0.00    0.00   15.62
06:48:17       3   77.55    0.00    5.10    1.02    0.00    1.02    0.00    0.00    0.00   15.31

06:48:17     CPU    %usr   %nice    %sys %iowait    %irq   %soft  %steal  %guest  %gnice   %idle
06:48:18     all   86.58    0.00    5.82    0.76    0.00    0.76    0.00    0.00    0.00    6.08
06:48:18       0   87.76    0.00    5.10    1.02    0.00    0.00    0.00    0.00    0.00    6.12
06:48:18       1   86.00    0.00    7.00    1.00    0.00    1.00    0.00    0.00    0.00    5.00
06:48:18       2   85.00    0.00    5.00    1.00    0.00    2.00    0.00    0.00    0.00    7.00
06:48:18       3   87.63    0.00    6.19    0.00    0.00    0.00    0.00    0.00    0.00    6.19

06:48:18     CPU    %usr   %nice    %sys %iowait    %irq   %soft  %steal  %guest  %gnice   %idle
06:48:19     all   71.03    0.00    4.62    0.51    0.00    0.77    0.00    0.00    0.00   23.08
06:48:19       0   73.00    0.00    4.00    1.00    0.00    1.00    0.00    0.00    0.00   21.00
06:48:19       1   72.63    0.00    4.21    0.00    0.00    1.05    0.00    0.00    0.00   22.11
06:48:19       2   71.43    0.00    5.10    0.00    0.00    0.00    0.00    0.00    0.00   23.47
06:48:19       3   67.01    0.00    5.15    1.03    0.00    1.03    0.00    0.00    0.00   25.77

06:48:19     CPU    %usr   %nice    %sys %iowait    %irq   %soft  %steal  %guest  %gnice   %idle
06:48:20     all   65.55    0.00    4.88    1.03    0.00    0.77    0.00    0.00    0.00   27.76
06:48:20       0   67.35    0.00    5.10    1.02    0.00    1.02    0.00    0.00    0.00   25.51
06:48:20       1   64.95    0.00    5.15    1.03    0.00    0.00    0.00    0.00    0.00   28.87
06:48:20       2   65.98    0.00    4.12    1.03    0.00    1.03    0.00    0.00    0.00   27.84
06:48:20       3   63.92    0.00    5.15    1.03    0.00    1.03    0.00    0.00    0.00   28.87

06:48:20     CPU    %usr   %nice    %sys %iowait    %irq   %soft  %steal  %guest  %gnice   %idle
06:48:21     all   70.41    0.00    5.36    1.02    0.00    0.51    0.26    0.00    0.00   22.45
06:48:21       0   71.43    0.00    5.10    1.02    0.00    1.02    0.00    0.00    0.00   21.43
06:48:21       1   70.83    0.00    4.17    1.04    0.00    1.04    0.00    0.00    0.00   22.92
06:48:21       2   71.43    0.00    5.10    1.02    0.00    0.00    0.00    0.00    0.00   22.45
06:48:21       3   68.00    0.00    7.00    1.00    0.00    0.00    1.00    0.00    0.00   23.00

06:48:21     CPU    %usr   %nice    %sys %iowait    %irq   %soft  %steal  %guest  %gnice   %idle
06:48:22     all   73.97    0.00    4.90    0.77    0.00    0.26    0.00    0.00    0.00   20.10
06:48:22       0   76.84    0.00    4.21    0.00    0.00    0.00    0.00    0.00    0.00   18.95
06:48:22       1   72.45    0.00    6.12    1.02    0.00    0.00    0.00    0.00    0.00   20.41
06:48:22       2   76.29    0.00    4.12    1.03    0.00    1.03    0.00    0.00    0.00   17.53
06:48:22       3   70.41    0.00    5.10    1.02    0.00    0.00    0.00    0.00    0.00   23.47

06:48:22     CPU    %usr   %nice    %sys %iowait    %irq   %soft  %steal  %guest  %gnice   %idle
06:48:23     all   76.08    0.00    5.85    1.02    0.00    0.76    0.00    0.00    0.00   16.28
06:48:23       0   78.22    0.00    5.94    0.99    0.00    0.99    0.00    0.00    0.00   13.86
06:48:23       1   73.74    0.00    6.06    1.01    0.00    1.01    0.00    0.00    0.00   18.18
06:48:23       2   76.29    0.00    6.19    1.03    0.00    0.00    0.00    0.00    0.00   16.49
06:48:23       3   76.04    0.00    5.21    1.04    0.00    1.04    0.00    0.00    0.00   16.67

06:48:23     CPU    %usr   %nice    %sys %iowait    %irq   %soft  %steal  %guest  %gnice   %idle
06:48:24     all   89.92    0.00    4.53    0.00    0.00    0.25    0.00    0.00    0.00    5.29
06:48:24       0   91.92    0.00    3.03    0.00    0.00    0.00    0.00    0.00    0.00    5.05
06:48:24       1   90.00    0.00    5.00    0.00    0.00    0.00    0.00    0.00    0.00    5.00
06:48:24       2   88.00    0.00    6.00    0.00    0.00    1.00    0.00    0.00    0.00    5.00
06:48:24       3   89.80    0.00    4.08    0.00    0.00    0.00    0.00    0.00    0.00    6.12

06:48:24     CPU    %usr   %nice    %sys %iowait    %irq   %soft  %steal  %guest  %gnice   %idle
06:48:25     all   80.86    0.00    6.55    1.01    0.00    0.50    0.00    0.00    0.00   11.08
06:48:25       0   82.83    0.00    6.06    1.01    0.00    0.00    0.00    0.00    0.00   10.10
06:48:25       1   81.00    0.00    6.00    1.00    0.00    1.00    0.00    0.00    0.00   11.00
06:48:25       2   79.80    0.00    7.07    1.01    0.00    1.01    0.00    0.00    0.00   11.11
06:48:25       3   79.80    0.00    7.07    1.01    0.00    0.00    0.00    0.00    0.00   12.12

06:48:25     CPU    %usr   %nice    %sys %iowait    %irq   %soft  %steal  %guest  %gnice   %idle
06:48:26     all   77.92    0.00    5.45    0.00    0.00    0.52    0.00    0.00    0.00   16.10
06:48:26       0   79.59    0.00    5.10    0.00    0.00    1.02    0.00    0.00    0.00   14.29
06:48:26       1   77.89    0.00    5.26    0.00    0.00    0.00    0.00    0.00    0.00   16.84
06:48:26       2   78.12    0.00    5.21    0.00    0.00    0.00    0.00    0.00    0.00   16.67
06:48:26       3   76.04    0.00    6.25    0.00    0.00    1.04    0.00    0.00    0.00   16.67

06:48:26     CPU    %usr   %nice    %sys %iowait    %irq   %soft  %steal  %guest  %gnice   %idle
06:48:27     all   84.01    0.00    5.58    1.02    0.00    0.51    0.00    0.00    0.00    8.88
06:48:27       0   88.89    0.00    4.04    1.01    0.00    0.00    0.00    0.00    0.00    6.06
06:48:27       1   83.67    0.00    5.10    1.02    0.00    1.02    0.00    0.00    0.00    9.18
06:48:27       2   80.61    0.00    7.14    1.02    0.00    1.02    0.00    0.00    0.00   10.20
06:48:27       3   82.83    0.00    6.06    1.01    0.00    0.00    0.00    0.00    0.00   10.10
