Linux 6.17.0-1019-aws (ip-172-31-34-148) 	07/23/26 	_x86_64_	(4 CPU)

06:46:04     CPU    %usr   %nice    %sys %iowait    %irq   %soft  %steal  %guest  %gnice   %idle
06:46:05     all   75.37    0.00    5.72    0.00    0.00    0.50    0.25    0.00    0.00   18.16
06:46:05       0   72.28    0.00    9.90    0.00    0.00    0.99    0.99    0.00    0.00   15.84
06:46:05       1   76.00    0.00    4.00    0.00    0.00    0.00    0.00    0.00    0.00   20.00
06:46:05       2   85.71    0.00    4.08    0.00    0.00    0.00    0.00    0.00    0.00   10.20
06:46:05       3   67.96    0.00    4.85    0.00    0.00    0.97    0.00    0.00    0.00   26.21

06:46:05     CPU    %usr   %nice    %sys %iowait    %irq   %soft  %steal  %guest  %gnice   %idle
06:46:06     all   73.02    0.00    3.96    0.25    0.00    0.25    0.00    0.00    0.00   22.52
06:46:06       0   71.00    0.00    4.00    0.00    0.00    0.00    0.00    0.00    0.00   25.00
06:46:06       1   79.21    0.00    3.96    0.00    0.00    0.00    0.00    0.00    0.00   16.83
06:46:06       2   69.31    0.00    2.97    0.99    0.00    0.99    0.00    0.00    0.00   25.74
06:46:06       3   72.55    0.00    4.90    0.00    0.00    0.00    0.00    0.00    0.00   22.55

06:46:06     CPU    %usr   %nice    %sys %iowait    %irq   %soft  %steal  %guest  %gnice   %idle
06:46:07     all   41.02    0.00    4.13    0.24    0.00    0.00    0.00    0.00    0.00   54.61
06:46:07       0   43.27    0.00    4.81    0.00    0.00    0.00    0.00    0.00    0.00   51.92
06:46:07       1   38.46    0.00    3.85    0.96    0.00    0.00    0.00    0.00    0.00   56.73
06:46:07       2   43.27    0.00    4.81    0.00    0.00    0.00    0.00    0.00    0.00   51.92
06:46:07       3   39.00    0.00    3.00    0.00    0.00    0.00    0.00    0.00    0.00   58.00

06:46:07     CPU    %usr   %nice    %sys %iowait    %irq   %soft  %steal  %guest  %gnice   %idle
06:46:08     all   32.67    0.00    2.48    0.00    0.00    0.25    0.00    0.00    0.00   64.60
06:46:08       0   29.41    0.00    1.96    0.00    0.00    0.00    0.00    0.00    0.00   68.63
06:46:08       1   32.67    0.00    1.98    0.00    0.00    0.99    0.00    0.00    0.00   64.36
06:46:08       2   33.00    0.00    3.00    0.00    0.00    0.00    0.00    0.00    0.00   64.00
06:46:08       3   35.64    0.00    2.97    0.00    0.00    0.00    0.00    0.00    0.00   61.39

06:46:08     CPU    %usr   %nice    %sys %iowait    %irq   %soft  %steal  %guest  %gnice   %idle
06:46:09     all   30.30    0.00    1.97    0.74    0.00    0.25    0.00    0.00    0.00   66.75
06:46:09       0   24.51    0.00    2.94    0.98    0.00    0.98    0.00    0.00    0.00   70.59
06:46:09       1   39.22    0.00    2.94    0.00    0.00    0.00    0.00    0.00    0.00   57.84
06:46:09       2   28.71    0.00    0.99    0.99    0.00    0.00    0.00    0.00    0.00   69.31
06:46:09       3   28.71    0.00    0.99    0.99    0.00    0.00    0.00    0.00    0.00   69.31

06:46:09     CPU    %usr   %nice    %sys %iowait    %irq   %soft  %steal  %guest  %gnice   %idle
06:46:10     all   27.56    0.00    2.20    0.24    0.00    0.73    0.00    0.00    0.00   69.27
06:46:10       0   23.53    0.00    1.96    0.00    0.00    0.00    0.00    0.00    0.00   74.51
06:46:10       1   27.45    0.00    1.96    0.98    0.00    0.98    0.00    0.00    0.00   68.63
06:46:10       2   34.95    0.00    1.94    0.00    0.00    0.97    0.00    0.00    0.00   62.14
06:46:10       3   24.27    0.00    2.91    0.00    0.00    0.97    0.00    0.00    0.00   71.84

06:46:10     CPU    %usr   %nice    %sys %iowait    %irq   %soft  %steal  %guest  %gnice   %idle
06:46:11     all   31.78    0.00    2.69    0.00    0.00    0.24    0.00    0.00    0.00   65.28
06:46:11       0   25.49    0.00    1.96    0.00    0.00    0.98    0.00    0.00    0.00   71.57
06:46:11       1   33.01    0.00    2.91    0.00    0.00    0.00    0.00    0.00    0.00   64.08
06:46:11       2   34.31    0.00    3.92    0.00    0.00    0.00    0.00    0.00    0.00   61.76
06:46:11       3   34.31    0.00    1.96    0.00    0.00    0.00    0.00    0.00    0.00   63.73

06:46:11     CPU    %usr   %nice    %sys %iowait    %irq   %soft  %steal  %guest  %gnice   %idle
06:46:12     all   31.07    0.00    2.67    0.49    0.00    0.24    0.00    0.00    0.00   65.53
06:46:12       0   23.08    0.00    2.88    0.00    0.00    0.00    0.00    0.00    0.00   74.04
06:46:12       1   28.71    0.00    1.98    0.00    0.00    0.00    0.00    0.00    0.00   69.31
06:46:12       2   35.92    0.00    2.91    0.97    0.00    0.00    0.00    0.00    0.00   60.19
06:46:12       3   36.54    0.00    2.88    0.96    0.00    0.96    0.00    0.00    0.00   58.65

06:46:12     CPU    %usr   %nice    %sys %iowait    %irq   %soft  %steal  %guest  %gnice   %idle
06:46:13     all   25.06    0.00    4.14    0.24    0.00    0.49    0.00    0.00    0.00   70.07
06:46:13       0   37.86    0.00    3.88    0.97    0.00    0.00    0.00    0.00    0.00   57.28
06:46:13       1   18.45    0.00    4.85    0.00    0.00    0.97    0.00    0.00    0.00   75.73
06:46:13       2   23.08    0.00    3.85    0.00    0.00    0.96    0.00    0.00    0.00   72.12
06:46:13       3   20.79    0.00    3.96    0.00    0.00    0.00    0.00    0.00    0.00   75.25

06:46:13     CPU    %usr   %nice    %sys %iowait    %irq   %soft  %steal  %guest  %gnice   %idle
06:46:14     all   30.66    0.00    2.92    0.24    0.00    0.24    0.00    0.00    0.00   65.94
06:46:14       0   30.69    0.00    2.97    0.00    0.00    0.99    0.00    0.00    0.00   65.35
06:46:14       1   27.62    0.00    2.86    0.95    0.00    0.00    0.00    0.00    0.00   68.57
06:46:14       2   37.50    0.00    3.85    0.00    0.00    0.00    0.00    0.00    0.00   58.65
06:46:14       3   26.73    0.00    1.98    0.00    0.00    0.00    0.00    0.00    0.00   71.29

06:46:14     CPU    %usr   %nice    %sys %iowait    %irq   %soft  %steal  %guest  %gnice   %idle
06:46:15     all   21.88    0.00    2.88    0.72    0.00    0.48    0.00    0.00    0.00   74.04
06:46:15       0   18.27    0.00    2.88    0.96    0.00    0.00    0.00    0.00    0.00   77.88
06:46:15       1   23.08    0.00    2.88    0.00    0.00    0.00    0.00    0.00    0.00   74.04
06:46:15       2   32.69    0.00    2.88    0.96    0.00    0.96    0.00    0.00    0.00   62.50
06:46:15       3   13.46    0.00    2.88    0.96    0.00    0.96    0.00    0.00    0.00   81.73

06:46:15     CPU    %usr   %nice    %sys %iowait    %irq   %soft  %steal  %guest  %gnice   %idle
06:46:16     all   29.34    0.00    2.93    0.00    0.00    0.73    0.00    0.00    0.00   66.99
06:46:16       0   27.18    0.00    2.91    0.00    0.00    0.97    0.00    0.00    0.00   68.93
06:46:16       1   28.16    0.00    1.94    0.00    0.00    0.97    0.00    0.00    0.00   68.93
06:46:16       2   36.63    0.00    3.96    0.00    0.00    0.00    0.00    0.00    0.00   59.41
06:46:16       3   25.49    0.00    2.94    0.00    0.00    0.98    0.00    0.00    0.00   70.59

06:46:16     CPU    %usr   %nice    %sys %iowait    %irq   %soft  %steal  %guest  %gnice   %idle
06:46:17     all   31.05    0.00    2.69    0.24    0.00    0.24    0.00    0.00    0.00   65.77
06:46:17       0   16.00    0.00    3.00    0.00    0.00    0.00    0.00    0.00    0.00   81.00
06:46:17       1   33.01    0.00    3.88    0.97    0.00    0.00    0.00    0.00    0.00   62.14
06:46:17       2   44.23    0.00    1.92    0.00    0.00    0.96    0.00    0.00    0.00   52.88
06:46:17       3   30.39    0.00    1.96    0.00    0.00    0.00    0.00    0.00    0.00   67.65

06:46:17     CPU    %usr   %nice    %sys %iowait    %irq   %soft  %steal  %guest  %gnice   %idle
06:46:18     all   21.55    0.00    3.15    0.73    0.00    0.00    0.00    0.00    0.00   74.58
06:46:18       0   20.00    0.00    2.86    0.95    0.00    0.00    0.00    0.00    0.00   76.19
06:46:18       1   17.65    0.00    2.94    0.00    0.00    0.00    0.00    0.00    0.00   79.41
06:46:18       2   19.42    0.00    3.88    0.97    0.00    0.00    0.00    0.00    0.00   75.73
06:46:18       3   29.13    0.00    2.91    0.97    0.00    0.00    0.00    0.00    0.00   66.99

06:46:18     CPU    %usr   %nice    %sys %iowait    %irq   %soft  %steal  %guest  %gnice   %idle
06:46:19     all   23.51    0.00    2.48    0.00    0.00    0.25    0.00    0.00    0.00   73.76
06:46:19       0   21.00    0.00    2.00    0.00    0.00    1.00    0.00    0.00    0.00   76.00
06:46:19       1   17.65    0.00    2.94    0.00    0.00    0.00    0.00    0.00    0.00   79.41
06:46:19       2   30.39    0.00    2.94    0.00    0.00    0.00    0.00    0.00    0.00   66.67
06:46:19       3   25.00    0.00    2.00    0.00    0.00    0.00    0.00    0.00    0.00   73.00

06:46:19     CPU    %usr   %nice    %sys %iowait    %irq   %soft  %steal  %guest  %gnice   %idle
06:46:20     all   20.74    0.00    3.46    0.25    0.00    0.74    0.00    0.00    0.00   74.81
06:46:20       0   14.00    0.00    4.00    0.00    0.00    0.00    0.00    0.00    0.00   82.00
06:46:20       1   18.27    0.00    4.81    0.96    0.00    0.96    0.00    0.00    0.00   75.00
06:46:20       2   26.73    0.00    2.97    0.00    0.00    0.99    0.00    0.00    0.00   69.31
06:46:20       3   24.00    0.00    2.00    0.00    0.00    1.00    0.00    0.00    0.00   73.00

06:46:20     CPU    %usr   %nice    %sys %iowait    %irq   %soft  %steal  %guest  %gnice   %idle
06:46:21     all   30.24    0.00    2.68    0.49    0.00    0.24    0.00    0.00    0.00   66.34
06:46:21       0   17.48    0.00    2.91    0.97    0.00    0.97    0.00    0.00    0.00   77.67
06:46:21       1   29.41    0.00    1.96    0.00    0.00    0.00    0.00    0.00    0.00   68.63
06:46:21       2   31.68    0.00    1.98    0.00    0.00    0.00    0.00    0.00    0.00   66.34
06:46:21       3   42.31    0.00    3.85    0.96    0.00    0.00    0.00    0.00    0.00   52.88

06:46:21     CPU    %usr   %nice    %sys %iowait    %irq   %soft  %steal  %guest  %gnice   %idle
06:46:22     all   20.30    0.00    3.22    0.25    0.00    0.00    0.25    0.00    0.00   75.99
06:46:22       0   17.82    0.00    3.96    0.00    0.00    0.00    0.00    0.00    0.00   78.22
06:46:22       1   17.82    0.00    2.97    0.00    0.00    0.00    0.99    0.00    0.00   78.22
06:46:22       2   16.83    0.00    2.97    0.99    0.00    0.00    0.00    0.00    0.00   79.21
06:46:22       3   28.71    0.00    2.97    0.00    0.00    0.00    0.00    0.00    0.00   68.32

06:46:22     CPU    %usr   %nice    %sys %iowait    %irq   %soft  %steal  %guest  %gnice   %idle
06:46:23     all   28.40    0.00    3.21    0.25    0.00    0.49    0.00    0.00    0.00   67.65
06:46:23       0   32.32    0.00    2.02    0.00    0.00    0.00    0.00    0.00    0.00   65.66
06:46:23       1   22.55    0.00    2.94    0.98    0.00    0.98    0.00    0.00    0.00   72.55
06:46:23       2   19.61    0.00    3.92    0.00    0.00    0.00    0.00    0.00    0.00   76.47
06:46:23       3   39.22    0.00    3.92    0.00    0.00    0.98    0.00    0.00    0.00   55.88

06:46:23     CPU    %usr   %nice    %sys %iowait    %irq   %soft  %steal  %guest  %gnice   %idle
06:46:24     all   25.37    0.00    2.46    0.49    0.00    0.49    0.00    0.00    0.00   71.18
06:46:24       0   23.08    0.00    1.92    0.96    0.00    0.96    0.00    0.00    0.00   73.08
06:46:24       1   18.18    0.00    3.03    0.00    0.00    0.00    0.00    0.00    0.00   78.79
06:46:24       2   29.00    0.00    2.00    0.00    0.00    1.00    0.00    0.00    0.00   68.00
06:46:24       3   31.07    0.00    2.91    0.97    0.00    0.00    0.00    0.00    0.00   65.05
