Linux 6.17.0-1019-aws (ip-172-31-34-148) 	07/23/26 	_x86_64_	(4 CPU)

06:47:18     CPU    %usr   %nice    %sys %iowait    %irq   %soft  %steal  %guest  %gnice   %idle
06:47:19     all   76.19    0.00    5.26    0.00    0.00    0.00    0.00    0.00    0.00   18.55
06:47:19       0   74.00    0.00    5.00    0.00    0.00    0.00    0.00    0.00    0.00   21.00
06:47:19       1   75.51    0.00    2.04    0.00    0.00    0.00    0.00    0.00    0.00   22.45
06:47:19       2   70.30    0.00    3.96    0.00    0.00    0.00    0.00    0.00    0.00   25.74
06:47:19       3   85.00    0.00   10.00    0.00    0.00    0.00    0.00    0.00    0.00    5.00

06:47:19     CPU    %usr   %nice    %sys %iowait    %irq   %soft  %steal  %guest  %gnice   %idle
06:47:20     all   80.05    0.00    4.24    0.00    0.00    0.50    0.00    0.00    0.00   15.21
06:47:20       0   76.00    0.00    5.00    0.00    0.00    1.00    0.00    0.00    0.00   18.00
06:47:20       1   81.19    0.00    3.96    0.00    0.00    0.99    0.00    0.00    0.00   13.86
06:47:20       2   77.78    0.00    5.05    0.00    0.00    0.00    0.00    0.00    0.00   17.17
06:47:20       3   85.15    0.00    2.97    0.00    0.00    0.00    0.00    0.00    0.00   11.88

06:47:20     CPU    %usr   %nice    %sys %iowait    %irq   %soft  %steal  %guest  %gnice   %idle
06:47:21     all   90.61    0.00    5.58    0.25    0.00    0.76    0.00    0.00    0.00    2.79
06:47:21       0   90.91    0.00    7.07    0.00    0.00    1.01    0.00    0.00    0.00    1.01
06:47:21       1   90.82    0.00    4.08    1.02    0.00    0.00    0.00    0.00    0.00    4.08
06:47:21       2   91.92    0.00    5.05    0.00    0.00    1.01    0.00    0.00    0.00    2.02
06:47:21       3   88.78    0.00    6.12    0.00    0.00    1.02    0.00    0.00    0.00    4.08

06:47:21     CPU    %usr   %nice    %sys %iowait    %irq   %soft  %steal  %guest  %gnice   %idle
06:47:22     all   73.47    0.00    4.34    0.51    0.00    0.26    0.00    0.00    0.00   21.43
06:47:22       0   76.29    0.00    3.09    0.00    0.00    0.00    0.00    0.00    0.00   20.62
06:47:22       1   72.45    0.00    6.12    0.00    0.00    0.00    0.00    0.00    0.00   21.43
06:47:22       2   73.74    0.00    3.03    1.01    0.00    0.00    0.00    0.00    0.00   22.22
06:47:22       3   71.43    0.00    5.10    1.02    0.00    1.02    0.00    0.00    0.00   21.43

06:47:22     CPU    %usr   %nice    %sys %iowait    %irq   %soft  %steal  %guest  %gnice   %idle
06:47:23     all   71.87    0.00    4.09    0.00    0.00    0.26    0.00    0.00    0.00   23.79
06:47:23       0   72.73    0.00    3.03    0.00    0.00    0.00    0.00    0.00    0.00   24.24
06:47:23       1   68.69    0.00    5.05    0.00    0.00    1.01    0.00    0.00    0.00   25.25
06:47:23       2   75.00    0.00    4.17    0.00    0.00    0.00    0.00    0.00    0.00   20.83
06:47:23       3   71.13    0.00    4.12    0.00    0.00    0.00    0.00    0.00    0.00   24.74

06:47:23     CPU    %usr   %nice    %sys %iowait    %irq   %soft  %steal  %guest  %gnice   %idle
06:47:24     all   66.50    0.00    4.47    0.99    0.00    0.50    0.00    0.00    0.00   27.54
06:47:24       0   65.35    0.00    4.95    0.99    0.00    0.99    0.00    0.00    0.00   27.72
06:47:24       1   67.00    0.00    4.00    1.00    0.00    0.00    0.00    0.00    0.00   28.00
06:47:24       2   66.34    0.00    3.96    0.99    0.00    0.00    0.00    0.00    0.00   28.71
06:47:24       3   67.33    0.00    4.95    0.99    0.00    0.99    0.00    0.00    0.00   25.74

06:47:24     CPU    %usr   %nice    %sys %iowait    %irq   %soft  %steal  %guest  %gnice   %idle
06:47:25     all   58.23    0.00    5.41    0.74    0.00    0.98    0.00    0.00    0.00   34.64
06:47:25       0   58.42    0.00    4.95    0.99    0.00    0.99    0.00    0.00    0.00   34.65
06:47:25       1   54.90    0.00    6.86    0.98    0.00    0.98    0.00    0.00    0.00   36.27
06:47:25       2   62.38    0.00    3.96    0.00    0.00    0.99    0.00    0.00    0.00   32.67
06:47:25       3   57.28    0.00    5.83    0.97    0.00    0.97    0.00    0.00    0.00   34.95

06:47:25     CPU    %usr   %nice    %sys %iowait    %irq   %soft  %steal  %guest  %gnice   %idle
06:47:26     all   58.25    0.00    5.34    0.73    0.00    1.21    0.00    0.00    0.00   34.47
06:47:26       0   55.34    0.00    5.83    0.00    0.00    1.94    0.00    0.00    0.00   36.89
06:47:26       1   58.65    0.00    4.81    0.96    0.00    0.96    0.00    0.00    0.00   34.62
06:47:26       2   63.73    0.00    4.90    0.98    0.00    0.98    0.00    0.00    0.00   29.41
06:47:26       3   55.34    0.00    5.83    0.97    0.00    0.97    0.00    0.00    0.00   36.89

06:47:26     CPU    %usr   %nice    %sys %iowait    %irq   %soft  %steal  %guest  %gnice   %idle
06:47:27     all   54.13    0.00    5.34    0.73    0.00    0.73    0.00    0.00    0.00   39.08
06:47:27       0   57.69    0.00    5.77    0.96    0.00    0.00    0.00    0.00    0.00   35.58
06:47:27       1   48.54    0.00    5.83    0.97    0.00    0.97    0.00    0.00    0.00   43.69
06:47:27       2   57.28    0.00    4.85    0.97    0.00    0.97    0.00    0.00    0.00   35.92
06:47:27       3   52.94    0.00    4.90    0.00    0.00    0.98    0.00    0.00    0.00   41.18

06:47:27     CPU    %usr   %nice    %sys %iowait    %irq   %soft  %steal  %guest  %gnice   %idle
06:47:28     all   52.40    0.00    5.53    0.72    0.00    0.72    0.00    0.00    0.00   40.62
06:47:28       0   53.40    0.00    4.85    0.97    0.00    0.97    0.00    0.00    0.00   39.81
06:47:28       1   54.90    0.00    5.88    0.00    0.00    0.00    0.00    0.00    0.00   39.22
06:47:28       2   48.57    0.00    4.76    0.95    0.00    0.95    0.00    0.00    0.00   44.76
06:47:28       3   52.83    0.00    6.60    0.94    0.00    0.94    0.00    0.00    0.00   38.68

06:47:28     CPU    %usr   %nice    %sys %iowait    %irq   %soft  %steal  %guest  %gnice   %idle
06:47:29     all   49.76    0.00    5.50    0.96    0.00    0.72    0.00    0.00    0.00   43.06
06:47:29       0   53.33    0.00    5.71    0.95    0.00    0.95    0.00    0.00    0.00   39.05
06:47:29       1   49.04    0.00    4.81    0.96    0.00    0.96    0.00    0.00    0.00   44.23
06:47:29       2   50.00    0.00    4.81    0.96    0.00    0.96    0.00    0.00    0.00   43.27
06:47:29       3   46.67    0.00    6.67    0.95    0.00    0.00    0.00    0.00    0.00   45.71

06:47:29     CPU    %usr   %nice    %sys %iowait    %irq   %soft  %steal  %guest  %gnice   %idle
06:47:30     all   50.49    0.00    6.59    0.49    0.00    0.24    0.00    0.00    0.00   42.20
06:47:30       0   53.47    0.00    5.94    0.00    0.00    0.00    0.00    0.00    0.00   40.59
06:47:30       1   42.31    0.00    7.69    0.96    0.00    0.00    0.00    0.00    0.00   49.04
06:47:30       2   59.80    0.00    5.88    0.00    0.00    0.00    0.00    0.00    0.00   34.31
06:47:30       3   46.60    0.00    6.80    0.97    0.00    0.97    0.00    0.00    0.00   44.66

06:47:30     CPU    %usr   %nice    %sys %iowait    %irq   %soft  %steal  %guest  %gnice   %idle
06:47:31     all   58.64    0.00    6.08    0.97    0.00    0.73    0.00    0.00    0.00   33.58
06:47:31       0   58.42    0.00    4.95    0.99    0.00    0.99    0.00    0.00    0.00   34.65
06:47:31       1   60.95    0.00    6.67    0.95    0.00    0.95    0.00    0.00    0.00   30.48
06:47:31       2   58.82    0.00    6.86    0.98    0.00    0.00    0.00    0.00    0.00   33.33
06:47:31       3   56.31    0.00    5.83    0.97    0.00    0.97    0.00    0.00    0.00   35.92

06:47:31     CPU    %usr   %nice    %sys %iowait    %irq   %soft  %steal  %guest  %gnice   %idle
06:47:32     all   42.54    0.00    6.72    0.50    0.00    0.75    0.00    0.00    0.00   49.50
06:47:32       0   46.53    0.00    5.94    0.99    0.00    0.00    0.00    0.00    0.00   46.53
06:47:32       1   43.43    0.00    7.07    0.00    0.00    1.01    0.00    0.00    0.00   48.48
06:47:32       2   41.35    0.00    6.73    0.96    0.00    0.96    0.00    0.00    0.00   50.00
06:47:32       3   38.78    0.00    7.14    0.00    0.00    1.02    0.00    0.00    0.00   53.06

06:47:32     CPU    %usr   %nice    %sys %iowait    %irq   %soft  %steal  %guest  %gnice   %idle
06:47:33     all   48.88    0.00    5.74    1.00    0.00    0.50    0.00    0.00    0.00   43.89
06:47:33       0   50.00    0.00    6.00    1.00    0.00    1.00    0.00    0.00    0.00   42.00
06:47:33       1   56.44    0.00    3.96    0.99    0.00    0.00    0.00    0.00    0.00   38.61
06:47:33       2   45.00    0.00    7.00    1.00    0.00    1.00    0.00    0.00    0.00   46.00
06:47:33       3   44.00    0.00    6.00    1.00    0.00    0.00    0.00    0.00    0.00   49.00

06:47:33     CPU    %usr   %nice    %sys %iowait    %irq   %soft  %steal  %guest  %gnice   %idle
06:47:34     all   45.07    0.00    7.14    0.49    0.00    0.49    0.00    0.00    0.00   46.80
06:47:34       0   49.02    0.00    7.84    0.00    0.00    0.00    0.00    0.00    0.00   43.14
06:47:34       1   47.52    0.00    4.95    0.99    0.00    0.99    0.00    0.00    0.00   45.54
06:47:34       2   45.10    0.00    6.86    0.00    0.00    0.00    0.00    0.00    0.00   48.04
06:47:34       3   38.61    0.00    8.91    0.99    0.00    0.99    0.00    0.00    0.00   50.50

06:47:34     CPU    %usr   %nice    %sys %iowait    %irq   %soft  %steal  %guest  %gnice   %idle
06:47:35     all   44.91    0.00    7.20    0.74    0.00    0.50    0.00    0.00    0.00   46.65
06:47:35       0   40.59    0.00    6.93    0.99    0.00    0.99    0.00    0.00    0.00   50.50
06:47:35       1   42.57    0.00    8.91    0.00    0.00    0.00    0.00    0.00    0.00   48.51
06:47:35       2   48.51    0.00    6.93    0.99    0.00    0.99    0.00    0.00    0.00   42.57
06:47:35       3   48.00    0.00    6.00    1.00    0.00    0.00    0.00    0.00    0.00   45.00

06:47:35     CPU    %usr   %nice    %sys %iowait    %irq   %soft  %steal  %guest  %gnice   %idle
06:47:36     all   43.00    0.00    7.25    1.00    0.00    0.25    0.00    0.00    0.00   48.50
06:47:36       0   42.00    0.00    8.00    1.00    0.00    0.00    0.00    0.00    0.00   49.00
06:47:36       1   45.10    0.00    7.84    0.98    0.00    0.98    0.00    0.00    0.00   45.10
06:47:36       2   40.40    0.00    7.07    1.01    0.00    0.00    0.00    0.00    0.00   51.52
06:47:36       3   44.44    0.00    6.06    1.01    0.00    0.00    0.00    0.00    0.00   48.48

06:47:36     CPU    %usr   %nice    %sys %iowait    %irq   %soft  %steal  %guest  %gnice   %idle
06:47:37     all   48.91    0.00    6.33    0.97    0.00    0.73    0.00    0.00    0.00   43.07
06:47:37       0   48.54    0.00    7.77    0.97    0.00    0.00    0.00    0.00    0.00   42.72
06:47:37       1   51.49    0.00    4.95    0.99    0.00    0.99    0.00    0.00    0.00   41.58
06:47:37       2   51.92    0.00    5.77    0.96    0.00    0.96    0.00    0.00    0.00   40.38
06:47:37       3   43.69    0.00    6.80    0.97    0.00    0.97    0.00    0.00    0.00   47.57

06:47:37     CPU    %usr   %nice    %sys %iowait    %irq   %soft  %steal  %guest  %gnice   %idle
06:47:38     all   44.84    0.00    6.55    0.50    0.00    0.25    0.00    0.00    0.00   47.86
06:47:38       0   40.59    0.00    6.93    0.99    0.00    0.99    0.00    0.00    0.00   50.50
06:47:38       1   41.24    0.00    6.19    1.03    0.00    0.00    0.00    0.00    0.00   51.55
06:47:38       2   49.02    0.00    7.84    0.00    0.00    0.00    0.00    0.00    0.00   43.14
06:47:38       3   48.45    0.00    5.15    0.00    0.00    0.00    0.00    0.00    0.00   46.39
