Linux 6.17.0-1019-aws (ip-172-31-34-148) 	07/23/26 	_x86_64_	(4 CPU)

06:48:32     CPU    %usr   %nice    %sys %iowait    %irq   %soft  %steal  %guest  %gnice   %idle
06:48:33     all   75.37    0.00    6.97    0.00    0.00    0.25    0.00    0.00    0.00   17.41
06:48:33       0   73.00    0.00    7.00    0.00    0.00    0.00    0.00    0.00    0.00   20.00
06:48:33       1   72.00    0.00    5.00    0.00    0.00    0.00    0.00    0.00    0.00   23.00
06:48:33       2   78.43    0.00   11.76    0.00    0.00    0.98    0.00    0.00    0.00    8.82
06:48:33       3   78.00    0.00    4.00    0.00    0.00    0.00    0.00    0.00    0.00   18.00

06:48:33     CPU    %usr   %nice    %sys %iowait    %irq   %soft  %steal  %guest  %gnice   %idle
06:48:34     all   95.23    0.00    3.52    0.00    0.00    0.25    0.00    0.00    0.00    1.01
06:48:34       0   96.97    0.00    3.03    0.00    0.00    0.00    0.00    0.00    0.00    0.00
06:48:34       1   92.93    0.00    5.05    0.00    0.00    0.00    0.00    0.00    0.00    2.02
06:48:34       2   97.00    0.00    3.00    0.00    0.00    0.00    0.00    0.00    0.00    0.00
06:48:34       3   94.00    0.00    3.00    0.00    0.00    1.00    0.00    0.00    0.00    2.00

06:48:34     CPU    %usr   %nice    %sys %iowait    %irq   %soft  %steal  %guest  %gnice   %idle
06:48:35     all   92.73    0.00    6.02    0.00    0.00    0.25    0.00    0.00    0.00    1.00
06:48:35       0   92.00    0.00    7.00    0.00    0.00    0.00    0.00    0.00    0.00    1.00
06:48:35       1   91.92    0.00    6.06    0.00    0.00    1.01    0.00    0.00    0.00    1.01
06:48:35       2   94.95    0.00    4.04    0.00    0.00    0.00    0.00    0.00    0.00    1.01
06:48:35       3   92.08    0.00    6.93    0.00    0.00    0.00    0.00    0.00    0.00    0.99

06:48:35     CPU    %usr   %nice    %sys %iowait    %irq   %soft  %steal  %guest  %gnice   %idle
06:48:36     all   76.71    0.00    4.81    0.25    0.00    0.25    0.00    0.00    0.00   17.97
06:48:36       0   85.00    0.00    2.00    1.00    0.00    0.00    0.00    0.00    0.00   12.00
06:48:36       1   75.76    0.00    6.06    0.00    0.00    0.00    0.00    0.00    0.00   18.18
06:48:36       2   77.78    0.00    5.05    0.00    0.00    1.01    0.00    0.00    0.00   16.16
06:48:36       3   68.04    0.00    6.19    0.00    0.00    0.00    0.00    0.00    0.00   25.77

06:48:36     CPU    %usr   %nice    %sys %iowait    %irq   %soft  %steal  %guest  %gnice   %idle
06:48:37     all   80.61    0.00    4.59    0.26    0.00    0.51    0.00    0.00    0.00   14.03
06:48:37       0   87.88    0.00    4.04    0.00    0.00    1.01    0.00    0.00    0.00    7.07
06:48:37       1   78.57    0.00    4.08    1.02    0.00    0.00    0.00    0.00    0.00   16.33
06:48:37       2   79.59    0.00    6.12    0.00    0.00    0.00    0.00    0.00    0.00   14.29
06:48:37       3   76.29    0.00    4.12    0.00    0.00    1.03    0.00    0.00    0.00   18.56

06:48:37     CPU    %usr   %nice    %sys %iowait    %irq   %soft  %steal  %guest  %gnice   %idle
06:48:38     all   94.70    0.00    3.54    0.00    0.00    0.25    0.00    0.00    0.00    1.52
06:48:38       0   94.90    0.00    4.08    0.00    0.00    0.00    0.00    0.00    0.00    1.02
06:48:38       1   97.00    0.00    3.00    0.00    0.00    0.00    0.00    0.00    0.00    0.00
06:48:38       2   91.92    0.00    4.04    0.00    0.00    1.01    0.00    0.00    0.00    3.03
06:48:38       3   94.95    0.00    3.03    0.00    0.00    0.00    0.00    0.00    0.00    2.02

06:48:38     CPU    %usr   %nice    %sys %iowait    %irq   %soft  %steal  %guest  %gnice   %idle
06:48:39     all   93.75    0.00    3.75    0.25    0.00    0.25    0.00    0.00    0.00    2.00
06:48:39       0   93.00    0.00    4.00    0.00    0.00    1.00    0.00    0.00    0.00    2.00
06:48:39       1   95.05    0.00    2.97    0.00    0.00    0.00    0.00    0.00    0.00    1.98
06:48:39       2   95.00    0.00    4.00    0.00    0.00    0.00    0.00    0.00    0.00    1.00
06:48:39       3   91.92    0.00    4.04    1.01    0.00    0.00    0.00    0.00    0.00    3.03

06:48:39     CPU    %usr   %nice    %sys %iowait    %irq   %soft  %steal  %guest  %gnice   %idle
06:48:40     all   95.74    0.00    2.76    0.00    0.00    0.25    0.00    0.00    0.00    1.25
06:48:40       0   96.04    0.00    2.97    0.00    0.00    0.00    0.00    0.00    0.00    0.99
06:48:40       1   92.93    0.00    3.03    0.00    0.00    1.01    0.00    0.00    0.00    3.03
06:48:40       2   96.97    0.00    3.03    0.00    0.00    0.00    0.00    0.00    0.00    0.00
06:48:40       3   97.00    0.00    2.00    0.00    0.00    0.00    0.00    0.00    0.00    1.00

06:48:40     CPU    %usr   %nice    %sys %iowait    %irq   %soft  %steal  %guest  %gnice   %idle
06:48:41     all   86.99    0.00    2.04    0.00    0.00    0.00    0.00    0.00    0.00   10.97
06:48:41       0   82.29    0.00    3.12    0.00    0.00    0.00    0.00    0.00    0.00   14.58
06:48:41       1   97.98    0.00    1.01    0.00    0.00    0.00    0.00    0.00    0.00    1.01
06:48:41       2   81.82    0.00    3.03    0.00    0.00    0.00    0.00    0.00    0.00   15.15
06:48:41       3   85.71    0.00    1.02    0.00    0.00    0.00    0.00    0.00    0.00   13.27

06:48:41     CPU    %usr   %nice    %sys %iowait    %irq   %soft  %steal  %guest  %gnice   %idle
06:48:42     all   74.81    0.00    6.11    1.02    0.00    0.25    0.25    0.00    0.00   17.56
06:48:42       0   71.72    0.00    8.08    1.01    0.00    1.01    0.00    0.00    0.00   18.18
06:48:42       1   85.86    0.00    4.04    1.01    0.00    0.00    1.01    0.00    0.00    8.08
06:48:42       2   66.67    0.00    7.07    1.01    0.00    0.00    0.00    0.00    0.00   25.25
06:48:42       3   75.00    0.00    5.21    1.04    0.00    0.00    0.00    0.00    0.00   18.75

06:48:42     CPU    %usr   %nice    %sys %iowait    %irq   %soft  %steal  %guest  %gnice   %idle
06:48:43     all   79.65    0.00    2.76    0.00    0.00    0.25    0.00    0.00    0.00   17.34
06:48:43       0   76.77    0.00    4.04    0.00    0.00    0.00    0.00    0.00    0.00   19.19
06:48:43       1   98.00    0.00    2.00    0.00    0.00    0.00    0.00    0.00    0.00    0.00
06:48:43       2   74.49    0.00    2.04    0.00    0.00    0.00    0.00    0.00    0.00   23.47
06:48:43       3   69.31    0.00    2.97    0.00    0.00    0.99    0.00    0.00    0.00   26.73

06:48:43     CPU    %usr   %nice    %sys %iowait    %irq   %soft  %steal  %guest  %gnice   %idle
06:48:44     all   81.36    0.00    5.79    0.25    0.00    0.76    0.00    0.00    0.00   11.84
06:48:44       0   69.70    0.00    7.07    0.00    0.00    1.01    0.00    0.00    0.00   22.22
06:48:44       1   81.00    0.00    3.00    0.00    0.00    1.00    0.00    0.00    0.00   15.00
06:48:44       2   85.86    0.00    7.07    0.00    0.00    1.01    0.00    0.00    0.00    6.06
06:48:44       3   88.89    0.00    6.06    1.01    0.00    0.00    0.00    0.00    0.00    4.04

06:48:44     CPU    %usr   %nice    %sys %iowait    %irq   %soft  %steal  %guest  %gnice   %idle
06:48:45     all   94.70    0.00    3.79    0.00    0.00    0.00    0.00    0.00    0.00    1.52
06:48:45       0   96.97    0.00    3.03    0.00    0.00    0.00    0.00    0.00    0.00    0.00
06:48:45       1   95.00    0.00    3.00    0.00    0.00    0.00    0.00    0.00    0.00    2.00
06:48:45       2   91.84    0.00    6.12    0.00    0.00    0.00    0.00    0.00    0.00    2.04
06:48:45       3   94.95    0.00    3.03    0.00    0.00    0.00    0.00    0.00    0.00    2.02

06:48:45     CPU    %usr   %nice    %sys %iowait    %irq   %soft  %steal  %guest  %gnice   %idle
06:48:46     all   93.95    0.00    4.28    0.00    0.00    0.50    0.00    0.00    0.00    1.26
06:48:46       0   92.00    0.00    5.00    0.00    0.00    1.00    0.00    0.00    0.00    2.00
06:48:46       1   97.98    0.00    2.02    0.00    0.00    0.00    0.00    0.00    0.00    0.00
06:48:46       2   93.00    0.00    5.00    0.00    0.00    1.00    0.00    0.00    0.00    1.00
06:48:46       3   92.86    0.00    5.10    0.00    0.00    0.00    0.00    0.00    0.00    2.04

06:48:46     CPU    %usr   %nice    %sys %iowait    %irq   %soft  %steal  %guest  %gnice   %idle
06:48:47     all   94.25    0.00    4.00    0.25    0.00    0.25    0.00    0.00    0.00    1.25
06:48:47       0   96.00    0.00    3.00    0.00    0.00    0.00    0.00    0.00    0.00    1.00
06:48:47       1   93.94    0.00    4.04    0.00    0.00    0.00    0.00    0.00    0.00    2.02
06:48:47       2   92.08    0.00    4.95    0.99    0.00    0.00    0.00    0.00    0.00    1.98
06:48:47       3   95.00    0.00    4.00    0.00    0.00    1.00    0.00    0.00    0.00    0.00

06:48:47     CPU    %usr   %nice    %sys %iowait    %irq   %soft  %steal  %guest  %gnice   %idle
06:48:48     all   93.69    0.00    3.54    0.00    0.00    0.25    0.00    0.00    0.00    2.53
06:48:48       0   95.92    0.00    3.06    0.00    0.00    0.00    0.00    0.00    0.00    1.02
06:48:48       1   89.90    0.00    5.05    0.00    0.00    0.00    0.00    0.00    0.00    5.05
06:48:48       2   92.93    0.00    3.03    0.00    0.00    1.01    0.00    0.00    0.00    3.03
06:48:48       3   96.00    0.00    3.00    0.00    0.00    0.00    0.00    0.00    0.00    1.00

06:48:48     CPU    %usr   %nice    %sys %iowait    %irq   %soft  %steal  %guest  %gnice   %idle
06:48:49     all   94.49    0.00    3.01    0.00    0.00    0.25    1.75    0.00    0.00    0.50
06:48:49       0   96.00    0.00    3.00    0.00    0.00    0.00    0.00    0.00    0.00    1.00
06:48:49       1   92.00    0.00    3.00    0.00    0.00    1.00    3.00    0.00    0.00    1.00
06:48:49       2   97.98    0.00    2.02    0.00    0.00    0.00    0.00    0.00    0.00    0.00
06:48:49       3   92.00    0.00    4.00    0.00    0.00    0.00    4.00    0.00    0.00    0.00

06:48:49     CPU    %usr   %nice    %sys %iowait    %irq   %soft  %steal  %guest  %gnice   %idle
06:48:50     all   95.73    0.00    2.76    0.25    0.00    0.25    0.00    0.00    0.00    1.01
06:48:50       0   95.05    0.00    2.97    0.99    0.00    0.00    0.00    0.00    0.00    0.99
06:48:50       1   95.88    0.00    3.09    0.00    0.00    0.00    0.00    0.00    0.00    1.03
06:48:50       2   95.05    0.00    2.97    0.00    0.00    0.00    0.00    0.00    0.00    1.98
06:48:50       3   96.97    0.00    2.02    0.00    0.00    1.01    0.00    0.00    0.00    0.00

06:48:50     CPU    %usr   %nice    %sys %iowait    %irq   %soft  %steal  %guest  %gnice   %idle
06:48:51     all   95.50    0.00    3.25    0.00    0.00    0.25    0.00    0.00    0.00    1.00
06:48:51       0   96.00    0.00    3.00    0.00    0.00    0.00    0.00    0.00    0.00    1.00
06:48:51       1   94.06    0.00    3.96    0.00    0.00    0.99    0.00    0.00    0.00    0.99
06:48:51       2   95.96    0.00    3.03    0.00    0.00    0.00    0.00    0.00    0.00    1.01
06:48:51       3   96.00    0.00    3.00    0.00    0.00    0.00    0.00    0.00    0.00    1.00

06:48:51     CPU    %usr   %nice    %sys %iowait    %irq   %soft  %steal  %guest  %gnice   %idle
06:48:52     all   96.75    0.00    2.50    0.25    0.00    0.25    0.25    0.00    0.00    0.00
06:48:52       0   96.94    0.00    3.06    0.00    0.00    0.00    0.00    0.00    0.00    0.00
06:48:52       1   95.10    0.00    2.94    0.98    0.00    0.00    0.98    0.00    0.00    0.00
06:48:52       2   99.00    0.00    1.00    0.00    0.00    0.00    0.00    0.00    0.00    0.00
06:48:52       3   96.00    0.00    3.00    0.00    0.00    1.00    0.00    0.00    0.00    0.00

06:48:52     CPU    %usr   %nice    %sys %iowait    %irq   %soft  %steal  %guest  %gnice   %idle
06:48:53     all   87.47    0.00    2.76    0.00    0.00    0.00    0.00    0.00    0.00    9.77
06:48:53       0   86.00    0.00    3.00    0.00    0.00    0.00    0.00    0.00    0.00   11.00
06:48:53       1   91.00    0.00    2.00    0.00    0.00    0.00    0.00    0.00    0.00    7.00
06:48:53       2   84.00    0.00    3.00    0.00    0.00    0.00    0.00    0.00    0.00   13.00
06:48:53       3   88.89    0.00    3.03    0.00    0.00    0.00    0.00    0.00    0.00    8.08
