Linux 6.17.0-1019-aws (ip-172-31-34-148) 	07/23/26 	_x86_64_	(4 CPU)

06:46:29     CPU    %usr   %nice    %sys %iowait    %irq   %soft  %steal  %guest  %gnice   %idle
06:46:30     all   75.88    0.00    5.28    0.00    0.00    0.25    0.00    0.00    0.00   18.59
06:46:30       0   81.00    0.00    5.00    0.00    0.00    0.00    0.00    0.00    0.00   14.00
06:46:30       1   73.74    0.00    3.03    0.00    0.00    0.00    0.00    0.00    0.00   23.23
06:46:30       2   74.00    0.00    4.00    0.00    0.00    1.00    0.00    0.00    0.00   21.00
06:46:30       3   74.75    0.00    9.09    0.00    0.00    0.00    0.00    0.00    0.00   16.16

06:46:30     CPU    %usr   %nice    %sys %iowait    %irq   %soft  %steal  %guest  %gnice   %idle
06:46:31     all   93.98    0.00    4.01    0.00    0.00    0.50    0.00    0.00    0.00    1.50
06:46:31       0   95.00    0.00    3.00    0.00    0.00    1.00    0.00    0.00    0.00    1.00
06:46:31       1   94.95    0.00    3.03    0.00    0.00    0.00    0.00    0.00    0.00    2.02
06:46:31       2   94.00    0.00    5.00    0.00    0.00    0.00    0.00    0.00    0.00    1.00
06:46:31       3   92.00    0.00    5.00    0.00    0.00    1.00    0.00    0.00    0.00    2.00

06:46:31     CPU    %usr   %nice    %sys %iowait    %irq   %soft  %steal  %guest  %gnice   %idle
06:46:32     all   52.97    0.00    3.36    0.26    0.00    0.00    0.00    0.00    0.00   43.41
06:46:32       0   49.49    0.00    4.04    0.00    0.00    0.00    0.00    0.00    0.00   46.46
06:46:32       1   53.61    0.00    3.09    1.03    0.00    0.00    0.00    0.00    0.00   42.27
06:46:32       2   53.68    0.00    3.16    0.00    0.00    0.00    0.00    0.00    0.00   43.16
06:46:32       3   55.21    0.00    3.12    0.00    0.00    0.00    0.00    0.00    0.00   41.67

06:46:32     CPU    %usr   %nice    %sys %iowait    %irq   %soft  %steal  %guest  %gnice   %idle
06:46:33     all   39.44    0.00    3.31    0.51    0.00    0.51    0.00    0.00    0.00   56.23
06:46:33       0   35.05    0.00    4.12    1.03    0.00    0.00    0.00    0.00    0.00   59.79
06:46:33       1   42.42    0.00    3.03    0.00    0.00    1.01    0.00    0.00    0.00   53.54
06:46:33       2   42.86    0.00    2.04    0.00    0.00    1.02    0.00    0.00    0.00   54.08
06:46:33       3   37.37    0.00    4.04    1.01    0.00    0.00    0.00    0.00    0.00   57.58

06:46:33     CPU    %usr   %nice    %sys %iowait    %irq   %soft  %steal  %guest  %gnice   %idle
06:46:34     all   44.90    0.00    3.32    0.51    0.00    0.26    0.00    0.00    0.00   51.02
06:46:34       0   46.94    0.00    3.06    0.00    0.00    1.02    0.00    0.00    0.00   48.98
06:46:34       1   44.90    0.00    3.06    1.02    0.00    0.00    0.00    0.00    0.00   51.02
06:46:34       2   43.43    0.00    4.04    1.01    0.00    0.00    0.00    0.00    0.00   51.52
06:46:34       3   44.33    0.00    3.09    0.00    0.00    0.00    0.00    0.00    0.00   52.58

06:46:34     CPU    %usr   %nice    %sys %iowait    %irq   %soft  %steal  %guest  %gnice   %idle
06:46:35     all   35.37    0.00    2.80    0.51    0.00    0.76    0.00    0.00    0.00   60.56
06:46:35       0   35.00    0.00    4.00    1.00    0.00    1.00    0.00    0.00    0.00   59.00
06:46:35       1   37.50    0.00    1.04    0.00    0.00    0.00    0.00    0.00    0.00   61.46
06:46:35       2   36.00    0.00    4.00    0.00    0.00    1.00    0.00    0.00    0.00   59.00
06:46:35       3   32.99    0.00    2.06    1.03    0.00    1.03    0.00    0.00    0.00   62.89

06:46:35     CPU    %usr   %nice    %sys %iowait    %irq   %soft  %steal  %guest  %gnice   %idle
06:46:36     all   32.30    0.00    2.07    0.26    0.00    0.00    0.00    0.00    0.00   65.37
06:46:36       0   27.37    0.00    2.11    0.00    0.00    0.00    0.00    0.00    0.00   70.53
06:46:36       1   30.21    0.00    2.08    0.00    0.00    0.00    0.00    0.00    0.00   67.71
06:46:36       2   41.41    0.00    2.02    1.01    0.00    0.00    0.00    0.00    0.00   55.56
06:46:36       3   29.90    0.00    2.06    0.00    0.00    0.00    0.00    0.00    0.00   68.04

06:46:36     CPU    %usr   %nice    %sys %iowait    %irq   %soft  %steal  %guest  %gnice   %idle
06:46:37     all   36.02    0.00    2.77    0.76    0.00    0.25    0.00    0.00    0.00   60.20
06:46:37       0   34.02    0.00    2.06    1.03    0.00    0.00    0.00    0.00    0.00   62.89
06:46:37       1   30.00    0.00    3.00    1.00    0.00    1.00    0.00    0.00    0.00   65.00
06:46:37       2   42.00    0.00    3.00    0.00    0.00    0.00    0.00    0.00    0.00   55.00
06:46:37       3   38.00    0.00    3.00    1.00    0.00    0.00    0.00    0.00    0.00   58.00

06:46:37     CPU    %usr   %nice    %sys %iowait    %irq   %soft  %steal  %guest  %gnice   %idle
06:46:38     all   36.43    0.00    2.58    0.26    0.00    0.26    0.00    0.00    0.00   60.47
06:46:38       0   32.99    0.00    3.09    0.00    0.00    0.00    0.00    0.00    0.00   63.92
06:46:38       1   30.53    0.00    2.11    0.00    0.00    0.00    0.00    0.00    0.00   67.37
06:46:38       2   49.48    0.00    2.06    1.03    0.00    0.00    0.00    0.00    0.00   47.42
06:46:38       3   32.65    0.00    3.06    0.00    0.00    1.02    0.00    0.00    0.00   63.27

06:46:38     CPU    %usr   %nice    %sys %iowait    %irq   %soft  %steal  %guest  %gnice   %idle
06:46:39     all   34.10    0.00    2.80    0.76    0.00    0.00    0.00    0.00    0.00   62.34
06:46:39       0   34.34    0.00    3.03    1.01    0.00    0.00    0.00    0.00    0.00   61.62
06:46:39       1   32.32    0.00    3.03    1.01    0.00    0.00    0.00    0.00    0.00   63.64
06:46:39       2   38.14    0.00    3.09    0.00    0.00    0.00    0.00    0.00    0.00   58.76
06:46:39       3   31.63    0.00    2.04    1.02    0.00    0.00    0.00    0.00    0.00   65.31

06:46:39     CPU    %usr   %nice    %sys %iowait    %irq   %soft  %steal  %guest  %gnice   %idle
06:46:40     all   29.01    0.00    2.54    0.25    0.00    0.51    0.00    0.00    0.00   67.68
06:46:40       0   41.24    0.00    1.03    0.00    0.00    1.03    0.00    0.00    0.00   56.70
06:46:40       1   33.67    0.00    3.06    0.00    0.00    0.00    0.00    0.00    0.00   63.27
06:46:40       2   21.00    0.00    3.00    1.00    0.00    1.00    0.00    0.00    0.00   74.00
06:46:40       3   20.41    0.00    3.06    0.00    0.00    0.00    0.00    0.00    0.00   76.53

06:46:40     CPU    %usr   %nice    %sys %iowait    %irq   %soft  %steal  %guest  %gnice   %idle
06:46:41     all   27.66    0.00    2.79    0.76    0.00    0.25    0.00    0.00    0.00   68.53
06:46:41       0   34.69    0.00    3.06    1.02    0.00    0.00    0.00    0.00    0.00   61.22
06:46:41       1   32.67    0.00    1.98    0.99    0.00    0.99    0.00    0.00    0.00   63.37
06:46:41       2   24.74    0.00    3.09    0.00    0.00    0.00    0.00    0.00    0.00   72.16
06:46:41       3   18.37    0.00    3.06    1.02    0.00    0.00    0.00    0.00    0.00   77.55

06:46:41     CPU    %usr   %nice    %sys %iowait    %irq   %soft  %steal  %guest  %gnice   %idle
06:46:42     all   33.85    0.00    2.31    0.26    0.00    0.51    0.00    0.00    0.00   63.08
06:46:42       0   29.59    0.00    2.04    0.00    0.00    1.02    0.00    0.00    0.00   67.35
06:46:42       1   40.00    0.00    2.11    0.00    0.00    0.00    0.00    0.00    0.00   57.89
06:46:42       2   29.59    0.00    3.06    1.02    0.00    0.00    0.00    0.00    0.00   66.33
06:46:42       3   36.36    0.00    2.02    0.00    0.00    1.01    0.00    0.00    0.00   60.61

06:46:42     CPU    %usr   %nice    %sys %iowait    %irq   %soft  %steal  %guest  %gnice   %idle
06:46:43     all   31.97    0.00    2.05    0.77    0.00    0.00    0.00    0.00    0.00   65.22
06:46:43       0   23.47    0.00    2.04    1.02    0.00    0.00    0.00    0.00    0.00   73.47
06:46:43       1   27.55    0.00    2.04    1.02    0.00    0.00    0.00    0.00    0.00   69.39
06:46:43       2   43.88    0.00    2.04    0.00    0.00    0.00    0.00    0.00    0.00   54.08
06:46:43       3   32.99    0.00    2.06    1.03    0.00    0.00    0.00    0.00    0.00   63.92

06:46:43     CPU    %usr   %nice    %sys %iowait    %irq   %soft  %steal  %guest  %gnice   %idle
06:46:44     all   38.62    0.00    2.30    0.26    0.00    0.26    0.00    0.00    0.00   58.57
06:46:44       0   32.99    0.00    2.06    0.00    0.00    0.00    0.00    0.00    0.00   64.95
06:46:44       1   39.18    0.00    2.06    0.00    0.00    0.00    0.00    0.00    0.00   58.76
06:46:44       2   46.00    0.00    2.00    1.00    0.00    1.00    0.00    0.00    0.00   50.00
06:46:44       3   36.08    0.00    3.09    0.00    0.00    0.00    0.00    0.00    0.00   60.82

06:46:44     CPU    %usr   %nice    %sys %iowait    %irq   %soft  %steal  %guest  %gnice   %idle
06:46:45     all   26.67    0.00    1.79    0.51    0.00    0.26    0.00    0.00    0.00   70.77
06:46:45       0   21.88    0.00    2.08    1.04    0.00    0.00    0.00    0.00    0.00   75.00
06:46:45       1   29.70    0.00    1.98    0.99    0.00    0.99    0.00    0.00    0.00   66.34
06:46:45       2   32.99    0.00    2.06    0.00    0.00    0.00    0.00    0.00    0.00   64.95
06:46:45       3   21.88    0.00    1.04    0.00    0.00    0.00    0.00    0.00    0.00   77.08

06:46:45     CPU    %usr   %nice    %sys %iowait    %irq   %soft  %steal  %guest  %gnice   %idle
06:46:46     all   31.11    0.00    1.80    0.51    0.00    0.26    0.00    0.00    0.00   66.32
06:46:46       0   43.88    0.00    1.02    0.00    0.00    1.02    0.00    0.00    0.00   54.08
06:46:46       1   27.37    0.00    2.11    0.00    0.00    0.00    0.00    0.00    0.00   70.53
06:46:46       2   24.49    0.00    3.06    1.02    0.00    0.00    0.00    0.00    0.00   71.43
06:46:46       3   28.57    0.00    1.02    1.02    0.00    0.00    0.00    0.00    0.00   69.39

06:46:46     CPU    %usr   %nice    %sys %iowait    %irq   %soft  %steal  %guest  %gnice   %idle
06:46:47     all   24.81    0.00    2.07    0.52    0.00    0.26    0.00    0.00    0.00   72.35
06:46:47       0   33.67    0.00    2.04    1.02    0.00    0.00    0.00    0.00    0.00   63.27
06:46:47       1   19.59    0.00    2.06    1.03    0.00    0.00    0.00    0.00    0.00   77.32
06:46:47       2   15.79    0.00    3.16    0.00    0.00    0.00    0.00    0.00    0.00   81.05
06:46:47       3   29.90    0.00    1.03    0.00    0.00    1.03    0.00    0.00    0.00   68.04

06:46:47     CPU    %usr   %nice    %sys %iowait    %irq   %soft  %steal  %guest  %gnice   %idle
06:46:48     all   42.53    0.00    2.03    0.51    0.00    0.25    0.00    0.00    0.00   54.68
06:46:48       0   43.88    0.00    3.06    0.00    0.00    0.00    0.00    0.00    0.00   53.06
06:46:48       1   39.18    0.00    1.03    0.00    0.00    0.00    0.00    0.00    0.00   59.79
06:46:48       2   42.00    0.00    2.00    1.00    0.00    1.00    0.00    0.00    0.00   54.00
06:46:48       3   45.00    0.00    2.00    1.00    0.00    0.00    0.00    0.00    0.00   52.00

06:46:48     CPU    %usr   %nice    %sys %iowait    %irq   %soft  %steal  %guest  %gnice   %idle
06:46:49     all   31.30    0.00    2.04    0.51    0.00    0.25    0.76    0.00    0.00   65.14
06:46:49       0   32.99    0.00    2.06    1.03    0.00    0.00    0.00    0.00    0.00   63.92
06:46:49       1   33.00    0.00    2.00    1.00    0.00    0.00    1.00    0.00    0.00   63.00
06:46:49       2   40.82    0.00    2.04    0.00    0.00    0.00    0.00    0.00    0.00   57.14
06:46:49       3   18.37    0.00    2.04    0.00    0.00    1.02    2.04    0.00    0.00   76.53
